FBA results
model: iCTH669

time to solve: 0:00:00.022998
status: optimal
objective value: 6.98847663

reaction	lb	level	ub
----------------------------------------------------------------------------------
protein_biomass	0.0	0.198452575	1000.0
NA_biomass	0.198452575	0.198452575	0.198452575
lipid_biomass	0.0	0.19845257500000002	1000.0
glyco_biomass	0.0	0.198452575	1000.0
other_biomass	0.0	0.19845257500000016	1000.0
BIOMASS	0.198452575	0.198452575	0.198452575
PPA	14.34158481503696	14.34158481503696	14.34158481503696
ACLS	0.0	0.0	1000.0
PDHam1hi	0.0	0.2385932358605546	1000.0
ECH	0.0	0.0	1000.0
AHEXASE3	0.0	0.0	1000.0
CLBH	0.0	0.0	0.0
PPBNGS	0.0	-5.3527288718034975e-14	1000.0
HMBS	0.0	-1.3381822179508744e-14	1000.0
ATPS	-1000.0	10.339394039359828	1000.0
NADK	0.0	0.00024322540853691482	1000.0
ADK1	-1000.0	-8.948416508149721	1000.0
ADK2	-1000.0	9.00071474743088e-13	1000.0
DPCOAK	0.0	0.0	1000.0
UREA	0.0	7.747641268556889e-14	1000.0
NMNAT	-1000.0	0.0	1000.0
HAMR	-1000.0	0.0	1000.0
NDPK2	-1000.0	0.14028996602184698	1000.0
UMPK	-1000.0	0.07118200392080977	1000.0
FMNAT	0.0	0.0	1000.0
METAT	0.0	-2.6763644359017484e-14	1000.0
R00182	-1000.0	-0.029235314727005867	1000.0
BPNT	0.0	0.23158287026860408	1000.0
ADPT	0.0	0.0	1000.0
AHCi	0.0	-2.676364435901748e-14	1000.0
PPDK	-1000.0	10.407810835846513	1000.0
PFL	-1000.0	9.466436354768796	1000.0
ME2	0.0	0.05775545843628914	1000.0
ACALD	0.0	6.9884766314891715	1000.0
ACALDy	0.0	0.0	1000.0
PTAr	-1000.0	1.7412133434030275	1000.0
GLU5K	0.0	0.03625381406794388	1000.0
GLUDy	-1000.0	-1.39044224641214	1000.0
GLNS	0.0	0.26156605718065323	1000.0
NADS2	0.003678289474344279	0.003678289474344279	0.003678289474344279
ACGS	0.0	0.0	1000.0
ICDHyr	0.0	0.16834944620996037	1000.0
OXSCL	0.0	0.0	1000.0
GALU	0.04987736988289271	0.04987736988289271	0.04987736988289271
ACKr	-1000.0	1.7412133434030275	1000.0
NDPK1	-1000.0	-0.5075555859135175	1000.0
GK1	-1000.0	0.010302775960386897	1000.0
PPGPPDP	0.0	0.0	1000.0
CS	0.0	0.1683494462099604	1000.0
ASPTA	0.0	0.3495089156657893	1000.0
AGT	-1000.0	-0.18332228091509312	1000.0
GLYAT	-1000.0	0.0	1000.0
GLYTA	-1000.0	-0.18332228091419311	1000.0
ALAR	0.0	0.07012512739118497	1000.0
UAG2EMA	0.0	-2.8451166100503116e-17	1000.0
UAGP2UAG	0.0653790555527267	0.0653790555527267	0.0653790555527267
UAG4Ei	0.0	0.018722428103151372	1000.0
UAG2E	0.0	0.0015559707140102616	1000.0
GTPCII2	0.0	0.0	1000.0
NTPP2	0.0	0.0	1000.0
NTPP3	0.0	0.0	1000.0
NTPP4	0.0	0.0	1000.0
NTPH	0.0	0.0	1000.0
GTPDPK	0.0	0.0	1000.0
PEPCK_re	0.0	0.5178583618739043	1000.0
DAPDC	0.0	0.07479547573857602	1000.0
LYSDC	0.0	0.0	1000.0
HOGL	-1000.0	0.0	1000.0
ASPK	0.0	0.16689619850921428	1000.0
ASNS2	0.0	0.0	1000.0
ASP1DC	0.0	0.0	1000.0
ADSK	0.0	0.23158287026860405	1000.0
CYTK1	-1000.0	0.10604048688122583	1000.0
CYTDK1	0.0	0.0	1000.0
UTCY	0.0	0.0	1000.0
CYTDK2	0.0	0.0	1000.0
SADT	0.23158287026860408	0.23158287026860408	0.23158287026860408
RBFK	0.0	0.0	1000.0
DCTPD2	0.0	0.0	1000.0
NDPK3	-1000.0	0.10279411194056211	1000.0
CTPS1	0.0	0.011965498887173194	1000.0
CTPS2	0.0	0.0	1000.0
CBPS	0.0	0.059494860272938044	1000.0
ASNS1	0.03873661614899784	0.03873661614899784	0.03873661614899784
PSP	-1000.0	0.0	1000.0
SERAT	0.0	0.0	1000.0
TMDPPK	0.0	0.0	1000.0
TMDPK	0.0	0.0	1000.0
ENO	-1000.0	11.103700028072714	1000.0
UAGCVT	0.0	0.02036446938267368	1000.0
TRPS2	0.0	0.0	1000.0
AROH	0.0	0.0	1000.0
PHETA1	-1000.0	-0.04686084313042707	1000.0
LDH_L	-1000.0	0.0	1000.0
ALDD2x	0.0	0.0	1000.0
GLYCLTDx	-1000.0	-9.000357974961094e-13	1000.0
NTPP9	0.0	0.0	1000.0
NDPK9	-1000.0	0.0	1000.0
TYRTA	-1000.0	-0.027006620527415683	1000.0
ACCOAC	0.0	0.28307447240206873	1000.0
ALCD2x	0.0	6.988476631489147	1000.0
ALCD2y	0.0	0.0	1000.0
GF6PTA	0.0	0.0653790555527267	1000.0
G3PD1ir	0.0	0.11635035084480247	1000.0
G3PD2	0.0	0.0	1000.0
GLYK	0.0	0.0	1000.0
HSOR	0.0	0.23158287026860414	1000.0
SULR_ferr	0.0	0.0	1000.0
HEX7	0.0	0.0	1000.0
KHK	0.0	0.0	1000.0
FPGLP	0.0	0.0	1000.0
SBTD_D2	-1000.0	0.0	1000.0
MAN1PT	0.0	0.0	1000.0
CYSTA	0.0	0.24842695858352756	1000.0
CYSS	0.0	0.0	1000.0
AMPTASECG	-1000.0	0.0	1000.0
ALDD22x	0.0	0.0	1000.0
PTA2	-1000.0	0.0	1000.0
MCITS	0.0	0.0	1000.0
DHFR2i	0.0	0.0	1000.0
THFOR1	0.0	0.005505595134690431	1000.0
DHFR	0.0	0.0	1000.0
THFOR2	0.0	0.0	1000.0
THFGLUS	0.0	0.0	1000.0
FTHFLi	0.0	0.03965003846243265	1000.0
GHMT2r	-1000.0	-0.1495283640852555	1000.0
METS	0.0	0.019922218053913202	1000.0
GLGC	0.0	0.0	0.0
CEPA	0.0	2.921443835972619	1000.0
G1PCTYT	0.0	0.0	1000.0
ITCY	0.0	0.0	1000.0
URIK1	0.0	0.0	1000.0
UPPRT	0.0	0.0	1000.0
UTUP	0.0	0.0	1000.0
URIK2	0.0	0.0	1000.0
URIK3	0.0	0.0	1000.0
ANS	0.0	0.004965716826969161	1000.0
MMOR	0.0	0.0779652771277722	1000.0
SHSL4	0.0	0.0	1000.0
2HBO	0.0	0.0	1000.0
DOLPMT	0.0	0.0	1000.0
TPI	-1000.0	-5.528769425705718	1000.0
MGSA	0.0	0.0	1000.0
PRPPS	0.0	0.04959786575777927	1000.0
ADPRDP	0.0	0.0	1000.0
RPI	-1000.0	-0.07883318048481192	1000.0
PPM	-1000.0	-2.6765197781860152e-14	1000.0
GAPD	-1000.0	11.103700028072716	1000.0
DRPA	0.0	-2.514481804218833e-14	1000.0
TGBPA	0.0	0.0	1000.0
ATPPRT	0.01085030457631823	0.01085030457631823	0.01085030457631823
GLUPRT	0.028799733886114398	0.028799733886114398	0.028799733886114398
ANPRT	0.004965716826969161	0.004965716826969161	0.004965716826969161
BACCL	0.0	0.0	1000.0
FUM	-1000.0	-0.05775545843813428	1000.0
ADSL1r	-1000.0	0.0	1000.0
ARGSL	-1000.0	0.028955724552020005	1000.0
LEUTA	0.0	0.07952669292164456	1000.0
ACNMCT	0.0	0.0	1000.0
IPDPTA	-1000.0	0.0	1000.0
IMPC	-1000.0	-0.03965003846243265	1000.0
IMPD	-1000.0	0.010414723735580958	1000.0
NDPK8	0.0	0.0	1000.0
ALAALAr	0.0	0.020364469382673677	1000.0
AGMT	0.0	7.747641268556889e-14	1000.0
LHOR	0.0	0.01085030457631823	1000.0
NHHA	-1000.0	0.0	1000.0
BTCOARx	0.0	0.0	1000.0
POR	0.0	0.0	1000.0
OOR3	0.0	0.0	1000.0
OBFOR	0.0	9.522087133316909	1000.0
DHAD1	0.0	0.16062795873278246	1000.0
IPPS	0.0	0.08611872165095956	1000.0
VALTA	-1000.0	-0.0745092370818229	1000.0
MTHFD	-1000.0	0.028799733886114405	1000.0
MTHFO_nadp	0.0	0.0	1000.0
MOHMT	0.0	0.09530081701053744	1000.0
GPAR	0.0	0.0	1000.0
GMPS	0.010414723735547814	0.010414723735547814	0.010414723735547814
GMPS2	0.0	0.0	1000.0
PRO1x	0.0	0.03625381406794389	1000.0
P5CR	0.0	0.0	1000.0
FACOAL160	0.0	0.0	1000.0
AHSERL2	0.0	0.01992221805393996	1000.0
SHSL2	0.0	0.0	1000.0
ACONT	-1000.0	0.1683494462099604	1000.0
PPNDH	0.0	0.046860843130427064	1000.0
UGE2	-1000.0	0.0	1000.0
HPYRRx	-1000.0	0.0	1000.0
ASPCT	0.0	0.030539135720918046	1000.0
OCBT	-1000.0	0.028955724552019998	1000.0
MTAP	-1000.0	-9.843622035832524e-30	1000.0
NBAH	0.0	0.0	1000.0
THRS	0.0	0.051814035334024656	1000.0
PGK	0.0	11.103700028072716	1000.0
PGLYDH	0.0	0.0	1000.0
GLYPT	0.0	0.0	1000.0
PGM	-1000.0	11.103700028072716	1000.0
RPE	-1000.0	-0.0788331804848119	1000.0
2D3DGLNR	-1000.0	0.0	1000.0
DADK	0.0	0.0	1000.0
DATCY	0.0	0.0	1000.0
DATUP	0.0	0.0	1000.0
PUNP1	-1000.0	0.029235314726824935	1000.0
ABGPT	0.0	0.0	1000.0
ACOATA	0.0	0.035937188879168865	1000.0
ACPS1	0.0	0.0	1000.0
MCOATA	0.0	0.28307447240206873	1000.0
XYLK	-1000.0	0.0	1000.0
MTHFC	0.0	0.0	1000.0
DMATT	0.0	-5.704283776206644e-34	1000.0
DCMPDA	0.0	0.0	1000.0
CYTK2	0.0	0.0	1000.0
CHRS	0.0	0.0788331804848119	1000.0
CHORM	0.0	0.07386746365784275	1000.0
NAMNPP	0.0	0.0	1000.0
PPND	0.0	0.027006620527415672	1000.0
GLYALDDr	-1000.0	0.0	1000.0
HSDxi	0.0	0.07173625338796462	1000.0
HSDH	0.0	0.0	1000.0
HSST	0.0	0.0	1000.0
CDGPT	0.0	0.004078798212163344	1000.0
ACNPLYS	0.0	-2.8451166100503116e-17	1000.0
PMANM	-1000.0	0.0	1000.0
MPAKI	-1000.0	0.0	1000.0
DPHS	0.0	0.0788331804848119	1000.0
NTPP1	0.0	0.0	1000.0
NTPP5	0.0	0.0	1000.0
NTPP6	0.0	0.0	1000.0
NTPP7	0.0	0.0	1000.0
NTPP8	0.0	0.0	1000.0
NTPTP1	0.0	0.0	1000.0
NDPK5	0.0	3.317868043966991e-14	1000.0
PUNP5	-1000.0	-0.029235314726851692	1000.0
DHORD_NAD	0.0	0.03053913572091805	1000.0
QUINDH	0.0	0.0	1000.0
CYTD	0.0	0.0	1000.0
DGTUP	0.0	0.0	1000.0
XYLTD_D	0.0	0.0	1000.0
SPMS	0.0	-9.843622035832526e-30	1000.0
SALCCM	-1000.0	0.0	1000.0
ARGSS	0.02895572455202	0.02895572455202	0.02895572455202
PUNP4	-1000.0	-3.314300319269151e-14	1000.0
HBCO	-1000.0	0.0	1000.0
AABHH	0.0	0.0	1000.0
DHR	-1000.0	-0.03053913572091805	1000.0
RDXR	-1000.0	0.0	1000.0
RNTR1	0.0	0.005346103177449573	1000.0
TRDR	0.0	0.0	1000.0
RNDR1n	0.0	0.0	1000.0
RNDR4	0.0	0.0055055951346904275	1000.0
RNDR2	0.0	0.0	1000.0
RNTR2	0.0	0.0028009959165840163	1000.0
PAPSR	0.0	0.23158287026860405	1000.0
RNTR3	0.0	0.0	1000.0
RNTR4	0.0	7.57552674803231e-19	1000.0
RNDR3	0.0	0.003191394086199428	1000.0
CLS2	0.0	0.00021194482498943572	1000.0
AGDC	0.0	0.0	1000.0
PGAMT	-1000.0	-0.0653790555527267	1000.0
FRTT	-1000.0	0.0	1000.0
F6PPT	0.0	5.648798066024865	1000.0
DGTCY	0.0	0.0	1000.0
NDPK4	0.0	0.0055055951346824296	1000.0
DTTGY	0.0	0.0	1000.0
DTTUP	0.0	0.0	1000.0
DUTPDP	0.0	0.0	1000.0
TMDS	0.0	0.0055055951346904275	1000.0
PUNP3	-1000.0	0.0	1000.0
ILETA	-1000.0	0.07796527712777218	1000.0
DHFOR	0.0	0.0	1000.0
DHFOR2	0.0	0.005505595134690431	1000.0
DHFS	0.0	0.0	1000.0
PPROR	-1000.0	0.0	1000.0
FCLPA	0.0	0.0	1000.0
G1SAT	-1000.0	1.0705457743606995e-13	1000.0
ORNTAC	-1000.0	0.02895572455201999	1000.0
ACOTA	-1000.0	-0.028955724552019987	1000.0
ASAD	-1000.0	-0.1668961985092143	1000.0
ASAHL	0.0	0.0951599451212497	1000.0
PNP	-1000.0	0.0	1000.0
NP1	-1000.0	0.0	1000.0
PYNP1	-1000.0	0.0	1000.0
PUNP7	-1000.0	0.0	1000.0
FTCL	0.0	0.0	1000.0
RNMK	0.0	0.0	1000.0
DCTPD	0.0	0.0	1000.0
NDPK7	0.0	0.0031913940861994275	1000.0
DCTUP	0.0	0.0	1000.0
NDPK6	0.0	0.0	1000.0
DUTUP	0.0	0.0	1000.0
TRPS3	0.0	-8.118564586548821e-15	1000.0
DCTCP	0.0	0.0	1000.0
DUTCP	0.0	0.0	1000.0
SKDH	0.0	0.0	1000.0
CDPGLC46DH	0.0	0.0	1000.0
AATC	-1000.0	0.0	1000.0
PANTS	0.0	0.0	1000.0
DURIPP	-1000.0	0.0	1000.0
DCYTD	0.0	0.0	1000.0
PACCOAL	0.0	0.0	1000.0
PUNP2	-1000.0	0.0	1000.0
3SALATA	-1000.0	0.0	1000.0
ACGK	0.0	0.028955724552019987	1000.0
ALDD20x	-1000.0	0.0	1000.0
UDPG2DGT	0.0	0.001671149382884021	1000.0
NTPP11	0.0	0.0	1000.0
SERH	0.0	0.004965716826977279	1000.0
DAPE	-1000.0	0.09515994512124969	1000.0
PUNP6	-1000.0	0.0	1000.0
PPM2	-1000.0	-2.5144818042188333e-14	1000.0
DHDOR	0.0	0.0	1000.0
UAMAGS	0.0	0.02036446938267368	1000.0
UAAGDS	0.0	0.020364469382673677	1000.0
SHCHF	-1000.0	0.0	1000.0
SPRMS	-1000.0	0.0	1000.0
TYRTRS	0.02700662052741568	0.02700662052741568	0.02700662052741568
BTDD_RR	0.0	0.0	1000.0
ACLDC	0.0	0.0	1000.0
APNPT	0.0	0.0	1000.0
NNAT	0.003678289474344279	0.003678289474344279	0.003678289474344279
HISOR	0.0	0.01085030457631823	1000.0
HISTP	0.0	0.010850304576318229	1000.0
PNTK	0.0	0.0	1000.0
ECOAH1	-1000.0	0.0	1000.0
APPAT	0.0	0.0	1000.0
ALATRS	0.09283268414123451	0.09283268414123451	0.09283268414123451
APL	0.0	0.16062795873278238	1000.0
KARA1	0.0	0.16062795873278246	1000.0
CPHL	0.0	0.0	1000.0
DHPS	0.0	0.0	1000.0
DHPS2_1	0.0	0.0	1000.0
DHQS	0.0	0.0788331804848119	1000.0
DQDH	-1000.0	0.07883318048481189	1000.0
MCLORi	0.0	0.0	1000.0
13PPDH	0.0	0.0	1000.0
SLCYSS	0.0	0.0	1000.0
HPS	0.0	0.0	1000.0
UPP3S_1	0.0	-1.3381822179508744e-14	1000.0
DBTS	0.0	0.0	1000.0
UACMUOR	0.0	0.020364469382673677	1000.0
UAPGR	0.0	0.0	1000.0
UAMAS	0.0	0.02036446938267368	1000.0
UPP3MT	0.0	-1.3381822179508742e-14	1000.0
AOXSr	-1000.0	0.0	1000.0
AHSL	-1000.0	-6.762104503896885e-19	1000.0
AMAOTr	-1000.0	0.0	1000.0
PFK_2	0.0	0.0	1000.0
PFK_4	0.0	0.0	1000.0
PFK_5	0.0	0.0	1000.0
PFK_6	0.0	0.0	1000.0
HSTPT	0.0	0.010850304576318229	1000.0
SHSL1	-1000.0	-6.762104503896885e-19	1000.0
PPCDC	0.0	0.0	1000.0
TBALOR	0.0	0.0	1000.0
G5SD	0.0	0.03625381406794388	1000.0
NICRNS	0.0	0.0	1000.0
NNDPR	0.003678289474344279	0.003678289474344279	0.003678289474344279
BGGHL	-1000.0	0.0	1000.0
CDP4D6DGLCRx	0.0	0.0	1000.0
CDP4D6DGLCRx2	0.0	0.0	1000.0
GTPDPDP	0.0	0.0	1000.0
AGPR	-1000.0	-0.028955724552019984	1000.0
IGPDH	0.0	0.01085030457631823	1000.0
APRAUR	0.0	0.0	1000.0
DHPPDA2	0.0	0.0	1000.0
PSCVT	0.0	0.0788331804848119	1000.0
DHNPA2r	0.0	-9.000357974961097e-13	1000.0
IGPS	0.0	0.00496571682696916	1000.0
PRAI	-1000.0	0.004965716826969161	1000.0
NDPK10	0.0	0.0	1000.0
NTPP10	0.0	0.0	1000.0
ARGTRS	0.028955724551942532	0.028955724551942532	0.028955724551942532
ASNTRS	0.03873661614908059	0.03873661614908059	0.03873661614908059
CYSTRS	0.011803422646310516	0.011803422646310516	0.011803422646310516
GLNTRS	0.02086174655613009	0.02086174655613009	0.02086174655613009
GLYTRS	0.12072863019824104	0.12072863019824104	0.12072863019824104
HISTRS	0.010850304576402367	0.010850304576402367	0.010850304576402367
ILETRS	0.07796527712777097	0.07796527712777097	0.07796527712777097
LEUTRS	0.07952669292164456	0.07952669292164456	0.07952669292164456
LYSTRS	0.07437582938329845	0.07437582938329845	0.07437582938329845
METTRS	0.01992221805393996	0.01992221805393996	0.01992221805393996
PHETRS	0.0300024081412875	0.0300024081412875	0.0300024081412875
PROTRS	0.03625381406794388	0.03625381406794388	0.03625381406794388
SERTRS	0.07116919402841217	0.07116919402841217	0.07116919402841217
THRTRS	0.051814035334024656	0.051814035334024656	0.051814035334024656
TRPTRS	0.004965716826977279	0.004965716826977279	0.004965716826977279
VALTRS	0.07450923708182292	0.07450923708182292	0.07450923708182292
ALDH	0.0	0.0	1000.0
MMHL	-1000.0	0.07796527712777221	1000.0
CITCIb	-1000.0	0.0779652771277722	1000.0
GLNTRAT	0.0	0.0	1000.0
HDCDH	-1000.0	0.0	1000.0
SHCHD2	0.0	-1.3381822179508742e-14	1000.0
IPPMIb	-1000.0	0.08611872165095957	1000.0
IPPMIa	-1000.0	-0.08611872165095957	1000.0
PRATPP	0.01085030457631823	0.01085030457631823	0.01085030457631823
PRAMPC	0.0	0.010850304576318233	1000.0
IMACTD	0.0	0.0	1000.0
GLUTRR	0.0	-1.0705457743606995e-13	1000.0
AMUAAH	0.0	0.0	1000.0
ECH_3hivcoa	-1000.0	0.0	1000.0
PPRGL	0.0	0.028799733886114415	1000.0
NNDMBRT	0.0	0.0	1000.0
ECOAH5	-1000.0	0.0	1000.0
PSAT	-1000.0	0.0	1000.0
DHDPRx_r	-1000.0	0.09515994512124967	1000.0
ECOAH9ir	-1000.0	0.0	1000.0
PRAIS	0.0	0.028799733886114415	1000.0
ASNTRAT	0.0	0.0	1000.0
ACGNMCT	0.0	0.0	1000.0
PPNCL3	0.0	0.0	1000.0
PPNCL2	0.0	0.0	1000.0
PTHPS	0.0	9.000357974961095e-13	1000.0
QULNS	0.0	0.003678289474344279	1000.0
GARFT	0.0	0.0	1000.0
FGFTh	0.0	0.028799733886114405	1000.0
KAS14	0.0	0.035937188879168865	1000.0
ADPT2	-1000.0	0.0	1000.0
APCPT	0.0	0.0	1000.0
R04399	-1000.0	0.0	1000.0
MTRI	-1000.0	0.0	1000.0
IPMD	-1000.0	0.08611872165095957	1000.0
3HAD40_1	-1000.0	0.03593718887916887	1000.0
EAR40x	-1000.0	-0.03593718887916887	1000.0
ACNAM9PL	0.0	0.0	1000.0
KARI_23dhmb	0.0	0.0	1000.0
DLDLBT	0.0	0.0	1000.0
PRFGS	0.0	0.028799733886114412	1000.0
ADAPAT	0.0	0.0	1000.0
SDPTA	-1000.0	0.0	1000.0
3OAR40	-1000.0	-0.03593718887916887	1000.0
3OAR100	-1000.0	-0.035937188879168906	1000.0
3HAD100	-1000.0	0.035937188879168906	1000.0
3OAR80	-1000.0	-0.035937188879168906	1000.0
3HAD80	-1000.0	0.035937188879168906	1000.0
3OAR160	-1000.0	-0.03147162103027809	1000.0
3HAD160	-1000.0	0.03147162103027809	1000.0
IG3PS	0.0	0.010850304576318233	1000.0
ADSL2r	-1000.0	0.028799733886114415	1000.0
AICART	-1000.0	0.03965003846243264	1000.0
3OAR140	-1000.0	-0.03376819878113622	1000.0
3HAD140	-1000.0	0.03376819878113622	1000.0
UGLDDS2	0.0	0.0	1000.0
PRASCSi	0.0	0.02879973388611441	1000.0
RZ5PP	0.0	0.0	1000.0
UGMDDS	0.0	0.020364469382673677	1000.0
AHDTPHL	0.0	0.0	1000.0
PRMICI	0.0	0.010850304576318233	1000.0
ACAS_2ahbut	0.0	0.0779652771277722	1000.0
EAR120x	-1000.0	-0.03376819878113622	1000.0
3OAS140	0.0	0.03376819878113622	1000.0
ECOAH7	-1000.0	0.0	1000.0
ECOAH6	-1000.0	0.0	1000.0
ECOAH4	-1000.0	0.0	1000.0
ECOAH3	-1000.0	0.0	1000.0
ECOAH2	-1000.0	0.0	1000.0
KLCGH	-1000.0	0.0	1000.0
AHSERL4	0.0	0.0	1000.0
34DHOXPEGOX	-1000.0	0.0	1000.0
HIALOR	-1000.0	0.0	1000.0
CGGH	0.0	0.0	1000.0
3OAS60	0.0	0.03593718887916889	1000.0
3OAR60	-1000.0	-0.0359371888791689	1000.0
3HAD60	-1000.0	0.0359371888791689	1000.0
EAR60x	-1000.0	-0.0359371888791689	1000.0
3OAS80	0.0	0.0359371888791689	1000.0
EAR80x	-1000.0	-0.035937188879168906	1000.0
3OAS100	0.0	0.0359371888791689	1000.0
EAR100x	-1000.0	-0.035937188879168906	1000.0
3OAS120	0.0	0.033768198781136224	1000.0
3OAR120	-1000.0	-0.03376819878113622	1000.0
3HAD120	-1000.0	0.03376819878113622	1000.0
EAR140x	-1000.0	-0.03376819878113622	1000.0
3OAS160	0.0	0.03147162103027809	1000.0
HACPMCACT	-1000.0	-0.026155468829217602	1000.0
BDG2HCGHD	-1000.0	0.0	1000.0
UAGPT3	0.0	0.020364469382673677	1000.0
R05046	0.0	0.0	1000.0
APNTPM	-1000.0	0.0	1000.0
NABTNO	-1000.0	0.0	1000.0
EHGLAT	-1000.0	0.0	1000.0
KARI_23dhmp	-1000.0	0.0779652771277722	1000.0
KARI	-1000.0	0.07796527712777218	1000.0
KARI_3hmoa	0.0	0.0	1000.0
PP2MO	-1000.0	0.0	1000.0
OHPBAT	-1000.0	0.0	1000.0
4HTHRS	0.0	0.0	1000.0
NO2OR	0.0	0.0	1000.0
CYRDAAT	0.0	0.0	1000.0
ADOCBIK	0.0	0.0	1000.0
ACBIPGT	-1000.0	0.0	1000.0
ADOCBLS	0.0	0.0	1000.0
G1PACT	0.0	0.0653790555527267	1000.0
SMLSHL	-1000.0	0.0	1000.0
ASPTRS	0.05190321737418042	0.05190321737418042	0.05190321737418042
GLUTRS	0.0619136916511926	0.0619136916511926	0.0619136916511926
ECOAH2c2	-1000.0	0.0	1000.0
R05602	-1000.0	0.0	1000.0
DHNAOT4	0.0	0.0	1000.0
UPPPHL	0.0	0.02036446938267367	1000.0
UDCP	0.0	-2.8496283663241332e-18	1000.0
UDCPT	0.0	0.020364469382673674	1000.0
CMS	0.0	0.0	1000.0
CDPMEK	0.0	0.0	1000.0
DXPS	0.0	0.0	1000.0
MCS	0.0	0.0	1000.0
UAGPT2	0.0	-2.8496283663241332e-18	1000.0
HTHRPDH	-1000.0	0.0	1000.0
DXRI	0.0	0.0	1000.0
IPDOR	0.0	0.0	1000.0
LACZ	0.0	0.0	1000.0
PYLALDOX	-1000.0	0.0	1000.0
PAACOAL	0.0	0.0	1000.0
HICHCOAL	-1000.0	0.0	1000.0
IPOCOAL	0.0	0.0	1000.0
CMIPDCOAL	0.0	0.0	1000.0
TMIPDCOAL	0.0	0.0	1000.0
UDCPDPS	0.0	0.0	1000.0
TDPGDH	0.0	0.0	1000.0
TDPDRE	0.0	0.0	1000.0
IPOHCOAL	0.0	0.0	1000.0
ADCPS2	0.0	0.0	1000.0
ADOCBIK2	0.0	0.0	1000.0
SALMCCOAMT	-1000.0	0.0	1000.0
EGMEST	0.0	0.0	1000.0
PECGONCOAT	0.0	0.0	1000.0
QUOR	0.0	0.0	1000.0
SHOR	0.0	0.07883318048481189	1000.0
BHPR	-1000.0	0.0	1000.0
UAGDH	-1000.0	0.0	1000.0
CPPPGO2	0.0	0.0	1000.0
NHMSCOAH	-1000.0	0.0	1000.0
HMBPAL	0.0	0.0	1000.0
HMNOR	-1000.0	0.0	1000.0
HCBPHAL	0.0	0.0	1000.0
NMOR	-1000.0	0.0	1000.0
HOMBPAL	0.0	0.0	1000.0
HADCPCOAHL	-1000.0	0.0	1000.0
ADPCOAL	0.0	0.0	1000.0
OBTFL	-1000.0	-9.522087133316907	1000.0
VOR2b	0.0	0.0	1000.0
MTHFO	0.0	0.0199222180539132	1000.0
IDS2	0.0	0.0	1000.0
CBIAT	0.0	0.0	1000.0
DB4PS	0.0	0.0	1000.0
ADCPS1	0.0	0.0	1000.0
CLS	0.0	0.0	1000.0
CITMS	0.0	0.07796527712777221	1000.0
AIRC3	0.0	0.0	1000.0
THISAT	0.0	0.0	1000.0
rxn27289	-1000.0	0.0	1000.0
rxn44628	-1000.0	0.0	1000.0
CYSDES	0.0	0.0	1000.0
LDAPAT	-1000.0	-0.09515994512124971	1000.0
UDPKAAT	0.0	0.0	1000.0
RE0581R	0.0	0.0	1000.0
FASOXST	0.0	0.0026368114917260013	1000.0
3OAR18B	-1000.0	0.0026368114917260013	1000.0
3HAD180	-1000.0	0.0026368114917260013	1000.0
FASOD	-1000.0	0.0026368114917260013	1000.0
CPCOAL	0.0	0.0	1000.0
GGT	-1000.0	0.0	1000.0
MHECOAHL	-1000.0	0.0	1000.0
IPDPS	0.0	4.600731228168208e-34	1000.0
DMPPS	0.0	-4.600731228168208e-34	1000.0
SERTRS2	0.0	0.0	1000.0
5FLURAPRT2	0.0	0.0	1000.0
6TINS5MPOR	0.0	0.0	1000.0
6TXAN5MPAML	0.0	0.0	1000.0
RPYS	-1000.0	0.0	1000.0
APCS	0.0	0.0	1000.0
VOR1b	0.0	0.006592028729314994	1000.0
VOR3b	0.0	0.0	1000.0
GLYCK2	0.0	0.0	1000.0
PGMT	-1000.0	2.8715664660897824	1000.0
HMBDPO	0.0	0.0	1000.0
CDGUNPD	-1000.0	0.0	1000.0
MCMMT	-1000.0	0.0	1000.0
GLYHMT	-1000.0	0.0	1000.0
HPHBHL	-1000.0	0.0	1000.0
TMAMT	-1000.0	0.0	1000.0
HEPDPS	0.0	0.0	1000.0
OCTDPS	0.0	0.0	1000.0
TRNACCAT	0.0	0.0	1000.0
TRNACTPAT	0.0	0.0	1000.0
TRNACTPAT2	0.0	0.0	1000.0
TRNAATPAT	0.0	0.0	1000.0
BTDD_M	0.0	0.0	1000.0
RNF	-1000.0	8.222378516681832	1000.0
H2ASE_syn	0.0	0.0	1000.0
H2ASE_syn2	0.0	3.7021616863250713	1000.0
BIF	0.0	0.0	1000.0
FRNDPR2r	-1000.0	1.3063006453643882	1000.0
FBA	-1000.0	5.648798066024865	1000.0
MDH	0.0	-1.8453543544170416e-12	1000.0
PGK2	0.0	0.0	1000.0
TKT1	-1000.0	0.0	1000.0
TKT2	-1000.0	0.0788331804848119	1000.0
FE2OR	0.0	0.0	1000.0
ADMDC	0.0	0.0	1000.0
GLUR	-1000.0	0.020364469382673677	1000.0
UDPGD	0.0	0.0	1000.0
ORNDC	0.0	0.0	1000.0
PAL	0.0	0.0	1000.0
GMAND	-1000.0	0.0	1000.0
CYSOR	-1000.0	0.0	1000.0
MMSDH	0.0	0.0	1000.0
OMPDC	0.0	0.030539135720918043	1000.0
GLYCDH	0.0	0.0	1000.0
HISDC	0.0	0.0	1000.0
PPYRDC	0.0	0.0	1000.0
HDHL	0.0	0.0	1000.0
E4PD	0.0	0.0	1000.0
ORPT	-0.030539135720918046	-0.030539135720918046	-0.030539135720918046
F1PGT	0.0	0.0	1000.0
DGK1	0.0	3.317868043966991e-14	1000.0
DTMPK	-1000.0	0.0055055951346824296	1000.0
PPDOy	-1000.0	0.0	1000.0
PPDHL	0.0	0.0	1000.0
UAAGLS2	0.0	0.0	1000.0
FCLK	0.0	0.0	1000.0
PRAICL	0.0	0.028799733886114412	1000.0
PERD	0.0	0.0	1000.0
THPAT	0.0	0.0	1000.0
MS	0.0	0.0	1000.0
GLNSP2	0.0	0.0	1000.0
GFUCS	-1000.0	0.0	1000.0
UG6PGT	0.0	0.0	1000.0
UDPGDC	0.0	0.0	1000.0
3OACOAS	0.0	0.0	1000.0
TRNAGLYUDAT	0.0	0.0	1000.0
TRNAALAUDAT	0.0	0.0	1000.0
OMCDC	0.0	0.08611872165095955	1000.0
AACPS3MBUT	-1000.0	0.006592028729314994	1000.0
SKK	0.0	0.07883318048481189	1000.0
G5SADs	-1000.0	0.03625381406794389	1000.0
HSK	0.0	0.05181403533402466	1000.0
GLCS1	0.0	0.0	1000.0
GLCP	0.0	0.0	1000.0
AACPS3MCR	-1000.0	0.0	1000.0
MCACPR	-1000.0	0.0	1000.0
BC13FAS	-1000.0	0.0009356427873866449	1000.0
BC17FAS	-1000.0	0.00565638594192835	1000.0
MAGS	-1000.0	0.021264608804241945	1000.0
DAGS	-1000.0	0.021264608804241945	1000.0
DAGP	0.0	0.006013604770517027	1000.0
CDGS	0.015251004033724926	0.015251004033724926	0.015251004033724926
GDAGS	-1000.0	0.003039514778250043	1000.0
GDAGS2	-1000.0	0.0013029406093829615	1000.0
PGLP	0.0	0.004078798212163344	1000.0
PGLS	0.0004196463552778649	0.0004196463552778649	0.0004196463552778649
CDGSOT	-1000.0	0.010960260996572092	1000.0
PHSD	0.0	0.010960260996572092	1000.0
G3PCT	0.09100694382839719	0.09100694382839719	0.09100694382839719
GLAS	0.0	0.00013103661073972107	1000.0
GALAS	0.0	0.00011732280234197813	1000.0
ALLAS	0.00034580377605778086	0.00034580377605778086	0.00034580377605778086
LAS	0.0	0.0002803477149411626	1000.0
PDGS	0.0	0.020364469382673674	1000.0
GLYTAS	0.0	0.0007237938172358285	1000.0
ATAS	0.0004688199555655746	0.0004688199555655746	0.0004688199555655746
GLUTAS	0.0	0.00036335694120885836	1000.0
MTAS	0.0	0.0006240809367717124	1000.0
ATPM	1.142292094	1.142292094	1000.0
CEPA5	0.0	0.0	1000.0
CEPA4	0.0	0.0	1000.0
CEPA3	0.0	0.0	1000.0
CEPA2	0.0	0.0	1000.0
NH4tabc	0.0	1.703623840942298	1000.0
RBFSb	0.0	0.0	1000.0
ICOR	0.0	0.0	1000.0
PGI	-1000.0	5.793010302062403	1000.0
DHAD2	0.0	0.0779652771277722	1000.0
FBA3	-1000.0	0.0	1000.0
PFK3_ppi	0.0	0.0	1000.0
IBUTCOARx	0.0	0.0	1000.0
ALCD23xi	0.0	0.0	1000.0
IBUTCOARy	0.0	0.0	1000.0
ALCD23yi	0.0	0.0	1000.0
DPR	0.0	0.0	1000.0
ALCD3x	0.0	0.0	1000.0
ALCD23xi2	0.0	0.0	1000.0
3MOPDC	0.0	0.0	1000.0
ALCD22xi	0.0	0.0	1000.0
ALCD22xi2	0.0	0.0	1000.0
4MOPDC	0.0	0.0	1000.0
ALCD3MBOH	0.0	0.0	1000.0
ADCL	0.0	0.0	1000.0
GTPCI	0.0	0.0	1000.0
AKP1	0.0	-9.000357974961096e-13	1000.0
GCALDD	0.0	-9.000357974961097e-13	1000.0
ASPO2	0.0	0.0	1000.0
ASPO2y	0.0	0.0036782894743442795	1000.0
HSERTA	-1000.0	0.01992221805393995	1000.0
FRDx	0.0	0.0	1000.0
GLCEQ3	0.0	0.0	1000.0
GLCEQ4	0.0	0.0	1000.0
GLCEQ5	0.0	0.0	1000.0
GLCEQ6	0.0	0.0	1000.0
GRTT	0.0	-4.726664818440106e-34	1000.0
DLMETR	-1000.0	0.0	1000.0
2DHPFALDL	0.0	0.09530081701053744	1000.0
ALDD1	-1000.0	0.09530081701053746	1000.0
R09543	-1000.0	0.0	1000.0
R10115	0.0	0.0	1000.0
R10116	-1000.0	0.0	1000.0
R10117	-1000.0	0.0	1000.0
R10118	-1000.0	0.0	1000.0
R10119	0.0	0.0	1000.0
R10120	-1000.0	0.0	1000.0
R10121	-1000.0	0.0	1000.0
R10122	-1000.0	0.0	1000.0
PMEACPE	-1000.0	0.0	1000.0
AOXSr2	0.0	0.0	1000.0
BTS6	0.0	0.0	1000.0
PMDPHT	0.0	0.0	1000.0
ADA	-1000.0	-0.029235314726851692	1000.0
HXPRT	-1000.0	-0.029235314726851692	1000.0
XPPT	-1000.0	-3.314300319269151e-14	1000.0
GUAD_1	0.0	-3.314300319269151e-14	1000.0
R11633	0.0	0.0	1000.0
R11634	0.0	0.0	1000.0
R11635	0.0	0.0	1000.0
R11636	0.0	0.0	1000.0
R03472	-1000.0	0.0	1000.0
TMDPP	-1000.0	7.998185150503184e-15	1000.0
NTD1	-1000.0	0.0	1000.0
PYNP2r	-1000.0	0.0	1000.0
R02135	-1000.0	0.0	1000.0
OAADC	0.0	0.0	1000.0
NPH	0.0	0.0	1000.0
FADDP	0.0	0.0	1000.0
UDPGP	0.0	5.642768122017104e-14	1000.0
R03004	0.0	0.0	1000.0
R03036	0.0	0.0	1000.0
GLUN	0.0	0.0	1000.0
GLYCL	0.0	0.0	1000.0
ARGDC	-1000.0	7.747641268556889e-14	1000.0
R03105	0.0	0.24842695858352754	1000.0
CYS	-1000.0	0.23662353593721702	1000.0
HEX1	0.0	2.9214438359726187	1000.0
URIDK2r	-1000.0	-0.005505595134690428	1000.0
NTD8	0.0	-3.317868043966991e-14	1000.0
NTD5	0.0	7.998912356010924e-15	1000.0
NTD3	0.0	0.0	1000.0
NTP3	0.0	0.0	1000.0
PACPT	0.0	0.0	0.0
ACS2	0.0	0.0	0.0
PPAKr	0.0	0.0	0.0
ME1	0.0	0.0	1000.0
R11098	0.0	0.0	1000.0
R11099	0.0	0.0	1000.0
FNOR	0.0	0.0	0.0
MMCD	0.0	0.0	1000.0
FDH	0.0	0.0	1000.0
NTD2	0.0	0.0	0.0
R08515	0.0	0.0	0.0
MAN1PT2	0.0	0.0	0.0
NTD4	0.0	0.0	0.0
IDPA	0.0	0.0	0.0
SLFAT	0.0	0.0	0.0
H2Ot	-1000.0	-0.37362036254181574	1000.0
CO2t	-1000.0	-9.750114687714179	1000.0
CEL2abc	0.0	2.9214438359726187	1000.0
CEL3abc	0.0	0.0	1000.0
CEL4abc	0.0	0.0	1000.0
CEL5abc	0.0	0.0	1000.0
CEL6abc	0.0	0.0	1000.0
UREAabc	0.0	0.0	1000.0
MG2abc	0.0	0.02130209645583771	1000.0
SULabc	0.0	0.23158287026860408	1000.0
FE3abc	0.0	0.0007224273879939925	1000.0
H2St1	-1000.0	0.1998572295683537	1000.0
ALAabc	-1000.0	0.0	1000.0
ASNabc	-1000.0	-8.274348378302489e-14	1000.0
GLUabc	-1000.0	0.0	1000.0
GLNabc	-1000.0	0.0	1000.0
GLYabc	-1000.0	0.0	1000.0
LEUabc	-1000.0	0.0	1000.0
PHEabc	-1000.0	0.016858434989139574	1000.0
PROabc	-1000.0	0.0	1000.0
FORabc	0.0	0.0	0.0
FORt2r	0.0	0.0	1000.0
FORt	0.0	0.0	1000.0
LACLabc	0.0	0.0	0.0
LACt2r	0.0	0.0	1000.0
LACt	0.0	0.0	1000.0
H2td	-1000.0	3.7021616863250713	1000.0
PYRabc	0.0	0.0	0.0
PYRt2r	0.0	0.0	1000.0
PYRt	0.0	0.0	1000.0
MALLabc	0.0	0.0	0.0
MALt2	0.0	0.0	1000.0
MALt	0.0	0.0	1000.0
BTDt_M	-1000.0	0.0	1000.0
BTDt_RR	-1000.0	0.0	1000.0
PYRGt	-1000.0	0.0	1000.0
IBUTOHt	-1000.0	0.0	1000.0
FUMabc	0.0	0.0	0.0
FUMt2	0.0	0.0	1000.0
FUMt	0.0	0.0	1000.0
XYLTt	-1000.0	0.0	1000.0
PPAna	0.0006710906645796622	0.0006710906645796622	0.0006710906645796622
NA1abc	0.0	0.0	1000.0
PIt	0.0	0.0	1000.0
PIt2	0.0	0.2065698626255084	1000.0
ETOHt	-1000.0	6.988476631489147	1000.0
FUCabc	0.0	0.0	1000.0
GLCabc	0.0	0.0	1000.0
SBTabc	0.0	0.0	1000.0
FRUabc	0.0	0.0	1000.0
CITt2	-1000.0	0.0	1000.0
RIBabc	-1000.0	0.0	1000.0
THRabc	-1000.0	0.0	1000.0
VALabc	-1000.0	0.0	1000.0
TYRabc	-1000.0	0.0	1000.0
SERabc	-1000.0	0.0	1000.0
TRPabc	-1000.0	0.0	1000.0
ASPabc	-1000.0	0.0	1000.0
ILEabc	-1000.0	0.0	1000.0
SPMDabc	-1000.0	1.9687244071665052e-29	1000.0
PTRCabc	-1000.0	-7.747641268556891e-14	1000.0
METDabc	-1000.0	0.0	1000.0
ADOCBLabc	-1000.0	0.0	1000.0
ARGabc	-1000.0	0.0	1000.0
LYSabc	-1000.0	0.0	1000.0
HISabc	-1000.0	-8.413588264393449e-14	1000.0
ADEabc	-1000.0	1.8092806980464406e-13	1000.0
CYTDabc	-1000.0	0.0	1000.0
URIabc	-1000.0	0.0	1000.0
GSNabc	-1000.0	0.0	1000.0
TYHMDabc	-1000.0	-2.8825964311356428e-30	1000.0
ACabc	0.0	0.0	0.0
ACt2	0.0	1.7611355614569673	1000.0
ACt	0.0	0.0	1000.0
THMecf	-1000.0	0.0	1000.0
NACecf	-1000.0	0.0	1000.0
PNTOecf	-1000.0	0.0	1000.0
RIBFLVecf	-1000.0	0.0	1000.0
CAt7r	-1000.0	0.0006710906645796626	1000.0
K3tr	-1000.0	0.1479010155463015	1000.0
EXCH_biomass_CT_c	0.0	0.198452575	1000.0
EXCH_glycogen_c	0.0	0.0	1000.0
EXCH_amob_e	0.0	0.0	1000.0
EXCH_cellb_e	-2.92144383597262	-2.92144383597262	-2.92144383597262
EXCH_h_e	-1000.0	2.1270335423308357	1000.0
EXCH_met__D_e	0.0	0.0	1000.0
EXCH_ade_e	0.0	-1.8092806980464404e-13	1000.0
EXCH_g1p_e	0.0	0.0	0.0
EXCH_cytd_e	0.0	0.0	1000.0
EXCH_uri_e	0.0	0.0	1000.0
EXCH_ptrc_e	0.0	0.0	1000.0
EXCH_gsn_e	0.0	0.0	1000.0
EXCH_thymd_e	0.0	0.0	1000.0
EXCH_spmd_e	0.0	-1.9687244071665052e-29	1000.0
EXCH_adocbl_e	0.0	0.0	1000.0
EXCH_rib__D_e	0.0	0.0	1000.0
EXCH_nh4_e	-1000.0	-1.703623840942298	1000.0
EXCH_h2o_e	-1000.0	0.3736203625418158	1000.0
EXCH_co2_e	0.0	9.750114687714177	1000.0
EXCH_cell3_e	0.0	0.0	0.0
EXCH_cell4_e	0.0	0.0	0.0
EXCH_cell5_e	0.0	0.0	0.0
EXCH_cell6_e	0.0	0.0	0.0
EXCH_urea_e	0.0	0.0	1000.0
EXCH_ca2_e	-1000.0	-0.0006710906645796626	1000.0
EXCH_mg2_e	-1000.0	-0.021302096455837714	1000.0
EXCH_k_e	-1000.0	-0.14790101554630153	1000.0
EXCH_so4_e	-1000.0	-0.23158287026860405	1000.0
EXCH_pi_e	-1000.0	-0.20656986262550842	1000.0
EXCH_fe3_e	-1000.0	-0.0007224273879939925	1000.0
EXCH_h2s_e	0.0	0.1998572295683537	1000.0
EXCH_ala__L_e	0.0	0.0	1000.0
EXCH_arg__L_e	0.0	0.0	1000.0
EXCH_asn__L_e	0.0	0.0	1000.0
EXCH_asp__L_e	0.0	0.0	1000.0
EXCH_cys__L_e	0.0	0.0	1000.0
EXCH_glu__L_e	0.0	0.0	1000.0
EXCH_gln__L_e	0.0	0.0	1000.0
EXCH_gly_e	0.0	0.0	1000.0
EXCH_his__L_e	0.0	-8.413588264393449e-14	1000.0
EXCH_ile__L_e	0.0	0.0	1000.0
EXCH_leu__L_e	0.0	0.0	1000.0
EXCH_lys__L_e	0.0	0.0	1000.0
EXCH_met__L_e	0.0	0.0	1000.0
EXCH_phe__L_e	0.0	0.016858434989139574	1000.0
EXCH_pro__L_e	0.0	0.0	1000.0
EXCH_ser__L_e	0.0	0.0	1000.0
EXCH_thr__L_e	0.0	0.0	1000.0
EXCH_trp__L_e	0.0	0.0	1000.0
EXCH_tyr__L_e	0.0	0.0	1000.0
EXCH_val__L_e	0.0	0.0	1000.0
EXCH_ac_e	0.0	1.7611355614569673	1000.0
EXCH_for_e	0.0	0.0	1000.0
EXCH_lac__L_e	0.0	0.0	1000.0
EXCH_h2_e	0.0	3.7021616863250713	1000.0
EXCH_pyr_e	0.0	0.0	1000.0
EXCH_succ_e	0.0	0.0	1000.0
EXCH_mal__L_e	0.0	0.0	1000.0
EXCH_btd_M_e	0.0	0.0	1000.0
EXCH_btd_RR_e	0.0	0.0	1000.0
EXCH_5oxpro_e	0.0	0.0	1000.0
EXCH_ibutoh_e	0.0	0.0	1000.0
EXCH_fum_e	0.0	0.0	1000.0
EXCH_xylt_e	0.0	0.0	1000.0
EXCH_etoh_e	0.0	6.988476631489146	1000.0
EXCH_ppoh_e	0.0	0.0	1000.0
EXCH_2mbtoh_e	0.0	0.0	1000.0
EXCH_na1_e	-1000.0	0.0	1000.0
EXCH_glceq_e	0.0	0.0	1000.0
EXCH_fuc__L_e	0.0	0.0	1000.0
EXCH_glc__D_e	0.0	0.0	1000.0
EXCH_sbt__D_e	0.0	0.0	1000.0
EXCH_fru_e	0.0	0.0	1000.0
EXCH_cit_e	0.0	0.0	1000.0
EXCH_thm_e	0.0	0.0	1000.0
EXCH_pnto__R_e	0.0	0.0	1000.0
EXCH_nac_e	0.0	0.0	1000.0
EXCH_ribflv_e	0.0	0.0	1000.0
DM_TEST	0.0	0.0	0.0
SINK_TEST	0.0	0.0	1000.0
