FBA results
model: iCTH669

time to solve: 0:00:00.037005
status: optimal
objective value: -2998.48661588

reaction	lb	level	ub
----------------------------------------------------------------------------------
protein_biomass	0.0	0.19845257500000008	1000.0
NA_biomass	0.0	0.198452575	1000.0
lipid_biomass	0.0	0.19845257500000155	1000.0
glyco_biomass	0.0	0.198452575	1000.0
other_biomass	0.0	0.198452575	1000.0
BIOMASS	0.198452575	0.198452575	0.198452575
PPA	0.0	0.0	1000.0
ACLS	0.0	0.16062795873290206	1000.0
PDHam1hi	0.0	0.07796527712790577	1000.0
ECH	0.0	7.1122462954445735	1000.0
AHEXASE3	0.0	0.0	1000.0
CLBH	0.0	0.0	0.0
PPBNGS	0.0	0.0	1000.0
HMBS	0.0	0.0	1000.0
ATPS	-1000.0	-3.1150704558214977	1000.0
NADK	0.0	0.0002432254085373107	1000.0
ADK1	-1000.0	4.9295882086549225	1000.0
ADK2	-1000.0	0.0	1000.0
DPCOAK	0.0	0.0	1000.0
UREA	0.0	0.0	1000.0
NMNAT	-1000.0	0.0	1000.0
HAMR	-1000.0	0.0	1000.0
NDPK2	-1000.0	0.14028996602179064	1000.0
UMPK	-1000.0	0.07118200392074528	1000.0
FMNAT	0.0	0.0	1000.0
METAT	0.0	0.0	1000.0
R00182	-1000.0	-0.029235314728063667	1000.0
BPNT	0.0	0.03172564070030533	1000.0
ADPT	0.0	0.0	1000.0
AHCi	0.0	0.0	1000.0
PPDK	-1000.0	-3.670051110522536	1000.0
PFL	-1000.0	-0.05565077854614852	1000.0
ME2	0.0	2.4453649223967067	1000.0
ACALD	0.0	0.0	1000.0
ACALDy	0.0	0.0	1000.0
PTAr	-1000.0	6.408434030393089	1000.0
GLU5K	0.0	0.03625381406800659	1000.0
GLUDy	-1000.0	-1.8546934353154523	1000.0
GLNS	0.0	0.26156605718302883	1000.0
NADS2	0.0	0.0036782894742566734	1000.0
ACGS	0.0	0.0	1000.0
ICDHyr	0.0	0.16834944621013934	1000.0
OXSCL	0.0	0.0	1000.0
GALU	-1000.0	0.049877369882836385	1000.0
ACKr	-1000.0	6.408434030393089	1000.0
NDPK1	-1000.0	-12.064304358216749	1000.0
GK1	-1000.0	0.01030277596042001	1000.0
PPGPPDP	0.0	0.0	1000.0
CS	0.0	0.16834944621013936	1000.0
ASPTA	0.0	0.34950891566724296	1000.0
AGT	-1000.0	-0.1833222809152537	1000.0
GLYAT	-1000.0	0.0	1000.0
GLYTA	-1000.0	-0.18332228091525374	1000.0
ALAR	0.0	0.07012512739118501	1000.0
UAG2EMA	0.0	0.0	1000.0
UAGP2UAG	0.0	0.06537905555272673	1000.0
UAG4Ei	0.0	0.018722428103151355	1000.0
UAG2E	0.0	0.0015559707140102607	1000.0
GTPCII2	0.0	0.0	1000.0
NTPP2	0.0	0.0	1000.0
NTPP3	0.0	0.0	1000.0
NTPP4	0.0	0.0	1000.0
NTPH	0.0	0.0	1000.0
GTPDPK	0.0	0.0	1000.0
PEPCK_re	0.0	12.07460713417717	1000.0
DAPDC	0.0	0.07479547573870497	1000.0
LYSDC	0.0	0.0	1000.0
HOGL	-1000.0	0.0	1000.0
ASPK	0.0	0.16689619850946724	1000.0
ASNS2	0.0	0.0	1000.0
ASP1DC	0.0	0.0	1000.0
ADSK	0.0	0.03172564070030533	1000.0
CYTK1	-1000.0	0.10604048688122603	1000.0
CYTDK1	0.0	0.0	1000.0
UTCY	0.0	0.0	1000.0
CYTDK2	0.0	0.0	1000.0
SADT	0.0	0.03172564070030533	1000.0
RBFK	0.0	0.0	1000.0
DCTPD2	0.0	0.0	1000.0
NDPK3	-1000.0	0.10598550602676175	1000.0
CTPS1	0.0	0.011965498887173125	1000.0
CTPS2	0.0	0.0	1000.0
CBPS	0.0	0.05949486027287783	1000.0
ASNS1	0.0	0.03873661614914758	1000.0
PSP	-1000.0	0.19985722956884353	1000.0
SERAT	0.0	0.0	1000.0
TMDPPK	0.0	0.0	1000.0
TMDPK	0.0	0.0	1000.0
ENO	-1000.0	9.511089231805704	1000.0
UAGCVT	0.0	0.02036446938267368	1000.0
TRPS2	0.0	0.0	1000.0
AROH	0.0	0.0	1000.0
PHETA1	-1000.0	-0.5111120320298248	1000.0
LDH_L	-1000.0	0.0	1000.0
ALDD2x	0.0	0.0	1000.0
GLYCLTDx	-1000.0	0.0	1000.0
NTPP9	0.0	0.0	1000.0
NDPK9	-1000.0	0.0	1000.0
TYRTA	-1000.0	-0.0270066205274624	1000.0
ACCOAC	0.0	0.2830744724020704	1000.0
ALCD2x	0.0	0.0	1000.0
ALCD2y	0.0	0.0	1000.0
GF6PTA	0.0	0.0653790555527267	1000.0
G3PD1ir	0.0	0.11635035084480269	1000.0
G3PD2	0.0	0.0	1000.0
GLYK	0.0	0.00021194482498943903	1000.0
HSOR	0.0	0.0	1000.0
SULR_ferr	0.0	0.03172564070030533	1000.0
HEX7	0.0	0.0	1000.0
KHK	0.0	0.0	1000.0
FPGLP	0.0	0.0	1000.0
SBTD_D2	-1000.0	0.0	1000.0
MAN1PT	0.0	0.0	1000.0
CYSTA	0.0	0.04856972901525395	1000.0
CYSS	0.0	0.0	1000.0
AMPTASECG	-1000.0	0.0	1000.0
ALDD22x	0.0	0.0	1000.0
PTA2	-1000.0	0.0	1000.0
MCITS	0.0	0.0	1000.0
DHFR2i	0.0	0.005505595134682398	1000.0
THFOR1	0.0	0.0	1000.0
DHFR	0.0	0.0	1000.0
THFOR2	0.0	0.0	1000.0
THFGLUS	0.0	0.0	1000.0
FTHFLi	0.0	0.03965003846364458	1000.0
GHMT2r	-1000.0	-0.1495283640856733	1000.0
METS	0.0	0.019922218053974414	1000.0
GLGC	0.0	0.0	0.0
CEPA	0.0	2.921443835972642	1000.0
G1PCTYT	0.0	0.0	1000.0
ITCY	0.0	0.0	1000.0
URIK1	0.0	0.0	1000.0
UPPRT	0.0	0.0	1000.0
UTUP	0.0	0.0	1000.0
URIK2	0.0	0.0	1000.0
URIK3	0.0	0.0	1000.0
ANS	0.0	0.004965716826985863	1000.0
MMOR	0.0	0.07796527712790577	1000.0
SHSL4	0.0	0.0	1000.0
2HBO	0.0	0.0	1000.0
DOLPMT	0.0	0.0	1000.0
TPI	-1000.0	-5.064518236806388	1000.0
MGSA	0.0	0.0	1000.0
PRPPS	0.0	0.049597865757795435	1000.0
ADPRDP	0.0	0.0	1000.0
RPI	-1000.0	-0.07883318048585901	1000.0
PPM	-1000.0	6.367319023040089e-18	1000.0
GAPD	-1000.0	9.710946461374549	1000.0
DRPA	0.0	0.0	1000.0
TGBPA	0.0	0.0	1000.0
ATPPRT	0.0	0.010850304576421124	1000.0
GLUPRT	0.0	0.02879973388722347	1000.0
ANPRT	0.0	0.004965716826985864	1000.0
BACCL	0.0	0.0	1000.0
FUM	-1000.0	-0.05775545843921608	1000.0
ADSL1r	-1000.0	0.0	1000.0
ARGSL	-1000.0	0.028955724551992624	1000.0
LEUTA	0.0	0.07952669292178208	1000.0
ACNMCT	0.0	0.0	1000.0
IPDPTA	-1000.0	0.0	1000.0
IMPC	-1000.0	-0.039650038463644594	1000.0
IMPD	-1000.0	0.010414723735580928	1000.0
NDPK8	0.0	0.0	1000.0
ALAALAr	0.0	0.020364469382673677	1000.0
AGMT	0.0	0.0	1000.0
LHOR	0.0	0.010850304576421128	1000.0
NHHA	-1000.0	0.0	1000.0
BTCOARx	0.0	0.0	1000.0
POR	0.0	7.200831188816384	1000.0
OOR3	0.0	0.0	1000.0
OBFOR	0.0	0.0	1000.0
DHAD1	0.0	0.16062795873290206	1000.0
IPPS	0.0	0.08611872165095028	1000.0
VALTA	-1000.0	-0.07450923708195178	1000.0
MTHFD	-1000.0	0.028799733887223483	1000.0
MTHFO_nadp	0.0	0.0	1000.0
MOHMT	0.0	0.09530081700979297	1000.0
GPAR	0.0	0.0	1000.0
GMPS	0.0	0.010414723735580927	1000.0
GMPS2	0.0	0.0	1000.0
PRO1x	0.0	0.036253814068006596	1000.0
P5CR	0.0	0.0	1000.0
FACOAL160	0.0	0.0	1000.0
AHSERL2	0.0	0.01992221805397441	1000.0
SHSL2	0.0	0.0	1000.0
ACONT	-1000.0	0.16834944621013936	1000.0
PPNDH	0.0	0.5111120320298249	1000.0
UGE2	-1000.0	0.0	1000.0
HPYRRx	-1000.0	0.0	1000.0
ASPCT	0.0	0.030539135720885208	1000.0
OCBT	-1000.0	0.02895572455199261	1000.0
MTAP	-1000.0	0.0	1000.0
NBAH	0.0	0.0	1000.0
THRS	0.0	0.051814035334114245	1000.0
PGK	0.0	9.710946461374547	1000.0
PGLYDH	0.0	0.19985722956884358	1000.0
GLYPT	0.0	0.0	1000.0
PGM	-1000.0	9.511089231805705	1000.0
RPE	-1000.0	-0.07883318048585902	1000.0
2D3DGLNR	-1000.0	0.0	1000.0
DADK	0.0	0.0	1000.0
DATCY	0.0	0.0	1000.0
DATUP	0.0	0.0	1000.0
PUNP1	-1000.0	0.029235314728063667	1000.0
ABGPT	0.0	0.0	1000.0
ACOATA	0.0	0.03593718887916911	1000.0
ACPS1	0.0	0.0	1000.0
MCOATA	0.0	0.28307447240207045	1000.0
XYLK	-1000.0	-0.464251188898414	1000.0
MTHFC	0.0	0.0	1000.0
DMATT	0.0	0.0	1000.0
DCMPDA	0.0	0.0	1000.0
CYTK2	0.0	0.0	1000.0
CHRS	0.0	0.5430843693842731	1000.0
CHORM	0.0	0.5381186525572873	1000.0
NAMNPP	0.0	0.0	1000.0
PPND	0.0	0.027006620527462395	1000.0
GLYALDDr	-1000.0	0.0	1000.0
HSDxi	0.0	0.07173625338808866	1000.0
HSDH	0.0	0.0	1000.0
HSST	0.0	0.0	1000.0
CDGPT	0.0	0.004290743037152812	1000.0
ACNPLYS	0.0	0.0	1000.0
PMANM	-1000.0	0.0	1000.0
MPAKI	-1000.0	0.0	1000.0
DPHS	0.0	0.543084369384273	1000.0
NTPP1	0.0	0.0	1000.0
NTPP5	0.0	0.0	1000.0
NTPP6	0.0	0.0	1000.0
NTPP7	0.0	0.0	1000.0
NTPP8	0.0	0.0	1000.0
NTPTP1	0.0	0.0	1000.0
NDPK5	0.0	0.0	1000.0
PUNP5	-1000.0	-0.029235314728063663	1000.0
DHORD_NAD	0.0	0.030539135720885208	1000.0
QUINDH	0.0	0.0	1000.0
CYTD	0.0	0.0	1000.0
DGTUP	0.0	0.0	1000.0
XYLTD_D	0.0	0.464251188898414	1000.0
SPMS	0.0	0.0	1000.0
SALCCM	-1000.0	0.0	1000.0
ARGSS	-1000.0	0.0289557245519926	1000.0
PUNP4	-1000.0	0.0	1000.0
HBCO	-1000.0	0.0	1000.0
AABHH	0.0	0.0	1000.0
DHR	-1000.0	-0.030539135720885208	1000.0
RDXR	-1000.0	0.0	1000.0
RNTR1	0.0	0.005346103177449572	1000.0
TRDR	0.0	0.0	1000.0
RNDR1n	0.0	0.0	1000.0
RNDR4	0.0	0.0055055951346824296	1000.0
RNDR2	0.0	0.0	1000.0
RNTR2	0.0	0.0028009959166171946	1000.0
PAPSR	0.0	0.03172564070030533	1000.0
RNTR3	0.0	0.0031913940861994275	1000.0
RNTR4	0.0	0.0	1000.0
RNDR3	0.0	0.0	1000.0
CLS2	0.0	0.0	1000.0
AGDC	0.0	0.0	1000.0
PGAMT	-1000.0	-0.06537905555272672	1000.0
FRTT	-1000.0	0.0	1000.0
F6PPT	0.0	5.184546877125448	1000.0
DGTCY	0.0	0.0	1000.0
NDPK4	0.0	0.0055055951346824296	1000.0
DTTGY	0.0	0.0	1000.0
DTTUP	0.0	0.0	1000.0
DUTPDP	0.0	0.0	1000.0
TMDS	0.0	0.005505595134682429	1000.0
PUNP3	-1000.0	0.0	1000.0
ILETA	-1000.0	0.07796527712790578	1000.0
DHFOR	0.0	0.0	1000.0
DHFOR2	0.0	0.0	1000.0
DHFS	0.0	0.0	1000.0
PPROR	-1000.0	0.0	1000.0
FCLPA	0.0	0.0	1000.0
G1SAT	-1000.0	0.0	1000.0
ORNTAC	-1000.0	0.0289557245519926	1000.0
ACOTA	-1000.0	-0.028955724551992596	1000.0
ASAD	-1000.0	-0.1668961985094673	1000.0
ASAHL	0.0	0.09515994512137865	1000.0
PNP	-1000.0	0.0	1000.0
NP1	-1000.0	0.0	1000.0
PYNP1	-1000.0	0.0	1000.0
PUNP7	-1000.0	0.0	1000.0
FTCL	0.0	0.0	1000.0
RNMK	0.0	0.0	1000.0
DCTPD	0.0	0.0	1000.0
NDPK7	0.0	0.0	1000.0
DCTUP	0.0	0.0	1000.0
NDPK6	0.0	0.0	1000.0
DUTUP	0.0	0.0	1000.0
TRPS3	0.0	6.019101858354702e-19	1000.0
DCTCP	0.0	0.0	1000.0
DUTCP	0.0	0.0	1000.0
SKDH	0.0	0.0	1000.0
CDPGLC46DH	0.0	0.0	1000.0
AATC	-1000.0	0.0	1000.0
PANTS	0.0	0.0	1000.0
DURIPP	-1000.0	0.0	1000.0
DCYTD	0.0	0.0	1000.0
PACCOAL	0.0	0.0	1000.0
PUNP2	-1000.0	0.0	1000.0
3SALATA	-1000.0	0.0	1000.0
ACGK	0.0	0.028955724551992596	1000.0
ALDD20x	-1000.0	0.0	1000.0
UDPG2DGT	0.0	0.001671149382884034	1000.0
NTPP11	0.0	0.0	1000.0
SERH	0.0	0.004965716826985864	1000.0
DAPE	-1000.0	0.09515994512137864	1000.0
PUNP6	-1000.0	0.0	1000.0
PPM2	-1000.0	0.0	1000.0
DHDOR	0.0	0.0	1000.0
UAMAGS	0.0	0.02036446938267368	1000.0
UAAGDS	0.0	0.020364469382673677	1000.0
SHCHF	-1000.0	0.0	1000.0
SPRMS	-1000.0	0.0	1000.0
TYRTRS	0.0	0.02700662052746239	1000.0
BTDD_RR	0.0	2.0349459456198084e-17	1000.0
ACLDC	0.0	0.0	1000.0
APNPT	0.0	0.0	1000.0
NNAT	0.0	0.0036782894742566734	1000.0
HISOR	0.0	0.010850304576421128	1000.0
HISTP	0.0	0.010850304576421128	1000.0
PNTK	0.0	0.0	1000.0
ECOAH1	-1000.0	0.0	1000.0
APPAT	0.0	0.0	1000.0
ALATRS	0.0	0.09283268414139505	1000.0
APL	0.0	0.0	1000.0
KARA1	0.0	0.16062795873290206	1000.0
CPHL	0.0	0.0	1000.0
DHPS	0.0	0.0	1000.0
DHPS2_1	0.0	0.0	1000.0
DHQS	0.0	0.543084369384273	1000.0
DQDH	-1000.0	0.5430843693842731	1000.0
MCLORi	0.0	0.0	1000.0
13PPDH	0.0	0.0	1000.0
SLCYSS	0.0	0.0	1000.0
HPS	0.0	0.0	1000.0
UPP3S_1	0.0	0.0	1000.0
DBTS	0.0	0.0	1000.0
UACMUOR	0.0	0.020364469382673677	1000.0
UAPGR	0.0	0.0	1000.0
UAMAS	0.0	0.02036446938267368	1000.0
UPP3MT	0.0	0.0	1000.0
AOXSr	-1000.0	0.0	1000.0
AHSL	-1000.0	0.0	1000.0
AMAOTr	-1000.0	0.0	1000.0
PFK_2	0.0	0.0	1000.0
PFK_4	0.0	0.0	1000.0
PFK_5	0.0	0.0	1000.0
PFK_6	0.0	0.0	1000.0
HSTPT	0.0	0.01085030457642113	1000.0
SHSL1	-1000.0	0.0	1000.0
PPCDC	0.0	0.0	1000.0
TBALOR	0.0	0.0	1000.0
G5SD	0.0	0.03625381406800659	1000.0
NICRNS	0.0	0.0	1000.0
NNDPR	0.0	0.0036782894742566734	1000.0
BGGHL	-1000.0	0.0	1000.0
CDP4D6DGLCRx	0.0	0.0	1000.0
CDP4D6DGLCRx2	0.0	0.0	1000.0
GTPDPDP	0.0	0.0	1000.0
AGPR	-1000.0	-0.028955724551992596	1000.0
IGPDH	0.0	0.01085030457642113	1000.0
APRAUR	0.0	0.0	1000.0
DHPPDA2	0.0	0.0	1000.0
PSCVT	0.0	0.5430843693842731	1000.0
DHNPA2r	0.0	0.0	1000.0
IGPS	0.0	0.004965716826985863	1000.0
PRAI	-1000.0	0.004965716826985863	1000.0
NDPK10	0.0	0.0	1000.0
NTPP10	0.0	0.0	1000.0
ARGTRS	0.0	0.028955724551992617	1000.0
ASNTRS	0.0	0.03873661614914759	1000.0
CYSTRS	0.0	0.01180342264633093	1000.0
GLNTRS	0.0	0.020861746556166176	1000.0
GLYTRS	0.0	0.12072863019844982	1000.0
HISTRS	0.0	0.010850304576421133	1000.0
ILETRS	0.0	0.07796527712790582	1000.0
LEUTRS	0.0	0.07952669292178212	1000.0
LYSTRS	0.0	0.07437582938342709	1000.0
METTRS	0.0	0.019922218053974417	1000.0
PHETRS	0.0	0.03000240814133939	1000.0
PROTRS	0.0	0.03625381406800659	1000.0
SERTRS	0.0	0.07116919402853526	1000.0
THRTRS	0.0	0.05181403533411428	1000.0
TRPTRS	0.0	0.004965716826985868	1000.0
VALTRS	0.0	0.07450923708195178	1000.0
ALDH	0.0	0.0	1000.0
MMHL	-1000.0	0.07796527712790578	1000.0
CITCIb	-1000.0	0.07796527712790578	1000.0
GLNTRAT	0.0	0.0	1000.0
HDCDH	-1000.0	0.0	1000.0
SHCHD2	0.0	0.0	1000.0
IPPMIb	-1000.0	0.08611872165095028	1000.0
IPPMIa	-1000.0	-0.08611872165095028	1000.0
PRATPP	0.0	0.010850304576421124	1000.0
PRAMPC	0.0	0.010850304576421128	1000.0
IMACTD	0.0	0.0	1000.0
GLUTRR	0.0	0.0	1000.0
AMUAAH	0.0	0.0	1000.0
ECH_3hivcoa	-1000.0	0.0	1000.0
PPRGL	0.0	0.028799733887223455	1000.0
NNDMBRT	0.0	0.0	1000.0
ECOAH5	-1000.0	0.0	1000.0
PSAT	-1000.0	-0.19985722956884355	1000.0
DHDPRx_r	-1000.0	0.09515994512137865	1000.0
ECOAH9ir	-1000.0	0.0	1000.0
PRAIS	0.0	0.02879973388722347	1000.0
ASNTRAT	0.0	0.0	1000.0
ACGNMCT	0.0	0.0	1000.0
PPNCL3	0.0	0.0	1000.0
PPNCL2	0.0	0.0	1000.0
PTHPS	0.0	0.0	1000.0
QULNS	0.0	0.003678289474256673	1000.0
GARFT	0.0	0.0	1000.0
FGFTh	0.0	0.02879973388722348	1000.0
KAS14	0.0	0.03593718887916911	1000.0
ADPT2	-1000.0	-1.1368683772161603e-13	1000.0
APCPT	0.0	0.0	1000.0
R04399	-1000.0	0.0	1000.0
MTRI	-1000.0	0.0	1000.0
IPMD	-1000.0	0.08611872165088721	1000.0
3HAD40_1	-1000.0	0.035937188879169114	1000.0
EAR40x	-1000.0	-0.035937188879169114	1000.0
ACNAM9PL	0.0	0.0	1000.0
KARI_23dhmb	0.0	0.0	1000.0
DLDLBT	0.0	0.0	1000.0
PRFGS	0.0	0.028799733887223462	1000.0
ADAPAT	0.0	0.0	1000.0
SDPTA	-1000.0	0.0	1000.0
3OAR40	-1000.0	-0.03593718887916911	1000.0
3OAR100	-1000.0	-0.0359371888791691	1000.0
3HAD100	-1000.0	0.03593718887916911	1000.0
3OAR80	-1000.0	-0.0359371888791691	1000.0
3HAD80	-1000.0	0.0359371888791691	1000.0
3OAR160	-1000.0	-0.031471621030278264	1000.0
3HAD160	-1000.0	0.031471621030278264	1000.0
IG3PS	0.0	0.01085030457642113	1000.0
ADSL2r	-1000.0	0.028799733887223462	1000.0
AICART	-1000.0	0.039650038463644594	1000.0
3OAR140	-1000.0	-0.03376819878113641	1000.0
3HAD140	-1000.0	0.03376819878113641	1000.0
UGLDDS2	0.0	0.0	1000.0
PRASCSi	0.0	0.028799733887223466	1000.0
RZ5PP	0.0	0.0	1000.0
UGMDDS	0.0	0.020364469382673677	1000.0
AHDTPHL	0.0	0.0	1000.0
PRMICI	0.0	0.010850304576421128	1000.0
ACAS_2ahbut	0.0	0.07796527712790578	1000.0
EAR120x	-1000.0	-0.03376819878113641	1000.0
3OAS140	0.0	0.033768198781136405	1000.0
ECOAH7	-1000.0	0.0	1000.0
ECOAH6	-1000.0	0.0	1000.0
ECOAH4	-1000.0	0.0	1000.0
ECOAH3	-1000.0	0.0	1000.0
ECOAH2	-1000.0	0.0	1000.0
KLCGH	-1000.0	0.0	1000.0
AHSERL4	0.0	0.0	1000.0
34DHOXPEGOX	-1000.0	0.0	1000.0
HIALOR	-1000.0	0.0	1000.0
CGGH	0.0	0.0	1000.0
3OAS60	0.0	0.035937188879169114	1000.0
3OAR60	-1000.0	-0.0359371888791691	1000.0
3HAD60	-1000.0	0.03593718887916911	1000.0
EAR60x	-1000.0	-0.03593718887916911	1000.0
3OAS80	0.0	0.0359371888791691	1000.0
EAR80x	-1000.0	-0.03593718887916911	1000.0
3OAS100	0.0	0.0359371888791691	1000.0
EAR100x	-1000.0	-0.03593718887916911	1000.0
3OAS120	0.0	0.03376819878113642	1000.0
3OAR120	-1000.0	-0.033768198781136405	1000.0
3HAD120	-1000.0	0.03376819878113641	1000.0
EAR140x	-1000.0	-0.033768198781136405	1000.0
3OAS160	0.0	0.031471621030278264	1000.0
HACPMCACT	-1000.0	-0.02615546882921775	1000.0
BDG2HCGHD	-1000.0	0.0	1000.0
UAGPT3	0.0	0.020364469382673677	1000.0
R05046	0.0	0.0	1000.0
APNTPM	-1000.0	0.0	1000.0
NABTNO	-1000.0	0.0	1000.0
EHGLAT	-1000.0	0.0	1000.0
KARI_23dhmp	-1000.0	0.07796527712790577	1000.0
KARI	-1000.0	0.07796527712790577	1000.0
KARI_3hmoa	0.0	0.0	1000.0
PP2MO	-1000.0	0.0	1000.0
OHPBAT	-1000.0	0.0	1000.0
4HTHRS	0.0	0.0	1000.0
NO2OR	0.0	0.0	1000.0
CYRDAAT	0.0	0.0	1000.0
ADOCBIK	0.0	0.0	1000.0
ACBIPGT	-1000.0	0.0	1000.0
ADOCBLS	0.0	0.0	1000.0
G1PACT	0.0	0.06537905555272672	1000.0
SMLSHL	-1000.0	0.0	1000.0
ASPTRS	0.0	0.051903217374270186	1000.0
GLUTRS	0.0	0.06191369165129968	1000.0
ECOAH2c2	-1000.0	0.0	1000.0
R05602	-1000.0	0.0	1000.0
DHNAOT4	0.0	0.0	1000.0
UPPPHL	0.0	0.02036446938267367	1000.0
UDCP	0.0	-2.8496283663241332e-18	1000.0
UDCPT	0.0	0.020364469382673674	1000.0
CMS	0.0	0.0	1000.0
CDPMEK	0.0	0.0	1000.0
DXPS	0.0	0.0	1000.0
MCS	0.0	0.0	1000.0
UAGPT2	0.0	-2.8496283663241332e-18	1000.0
HTHRPDH	-1000.0	0.0	1000.0
DXRI	0.0	0.0	1000.0
IPDOR	0.0	0.0	1000.0
LACZ	0.0	0.0	1000.0
PYLALDOX	-1000.0	0.0	1000.0
PAACOAL	0.0	0.0	1000.0
HICHCOAL	-1000.0	0.0	1000.0
IPOCOAL	0.0	0.0	1000.0
CMIPDCOAL	0.0	0.0	1000.0
TMIPDCOAL	0.0	0.0	1000.0
UDCPDPS	0.0	0.0	1000.0
TDPGDH	0.0	0.0	1000.0
TDPDRE	0.0	0.0	1000.0
IPOHCOAL	0.0	0.0	1000.0
ADCPS2	0.0	0.0	1000.0
ADOCBIK2	0.0	0.0	1000.0
SALMCCOAMT	-1000.0	0.0	1000.0
EGMEST	0.0	0.0	1000.0
PECGONCOAT	0.0	0.0	1000.0
QUOR	0.0	0.0	1000.0
SHOR	0.0	0.543084369384273	1000.0
BHPR	-1000.0	0.0	1000.0
UAGDH	-1000.0	0.0	1000.0
CPPPGO2	0.0	0.0	1000.0
NHMSCOAH	-1000.0	0.0	1000.0
HMBPAL	0.0	0.0	1000.0
HMNOR	-1000.0	0.0	1000.0
HCBPHAL	0.0	0.0	1000.0
NMOR	-1000.0	0.0	1000.0
HOMBPAL	0.0	0.0	1000.0
HADCPCOAHL	-1000.0	0.0	1000.0
ADPCOAL	0.0	0.0	1000.0
OBTFL	-1000.0	0.0	1000.0
VOR2b	0.0	0.0	1000.0
MTHFO	0.0	0.019922218053974414	1000.0
IDS2	0.0	0.0	1000.0
CBIAT	0.0	0.0	1000.0
DB4PS	0.0	0.0	1000.0
ADCPS1	0.0	0.0	1000.0
CLS	0.0	0.000211944824989439	1000.0
CITMS	0.0	0.0779652771279058	1000.0
AIRC3	0.0	0.0	1000.0
THISAT	0.0	0.0	1000.0
rxn27289	-1000.0	0.0	1000.0
rxn44628	-1000.0	0.0	1000.0
CYSDES	0.0	0.0	1000.0
LDAPAT	-1000.0	-0.09515994512137865	1000.0
UDPKAAT	0.0	0.0	1000.0
RE0581R	0.0	0.0	1000.0
FASOXST	0.0	0.002636811491726034	1000.0
3OAR18B	-1000.0	0.002636811491726034	1000.0
3HAD180	-1000.0	0.0026368114917260338	1000.0
FASOD	-1000.0	0.0026368114917260156	1000.0
CPCOAL	0.0	0.0	1000.0
GGT	-1000.0	0.0	1000.0
MHECOAHL	-1000.0	0.0	1000.0
IPDPS	0.0	0.0	1000.0
DMPPS	0.0	0.0	1000.0
SERTRS2	0.0	0.0	1000.0
5FLURAPRT2	0.0	0.0	1000.0
6TINS5MPOR	0.0	0.0	1000.0
6TXAN5MPAML	0.0	0.0	1000.0
RPYS	-1000.0	0.0	1000.0
APCS	0.0	0.0	1000.0
VOR1b	0.0	0.006592028729105117	1000.0
VOR3b	0.0	0.0	1000.0
GLYCK2	0.0	0.0	1000.0
PGMT	-1000.0	2.8715664660898055	1000.0
HMBDPO	0.0	0.0	1000.0
CDGUNPD	-1000.0	0.0	1000.0
MCMMT	-1000.0	0.0	1000.0
GLYHMT	-1000.0	0.0	1000.0
HPHBHL	-1000.0	0.0	1000.0
TMAMT	-1000.0	0.0	1000.0
HEPDPS	0.0	0.0	1000.0
OCTDPS	0.0	0.0	1000.0
TRNACCAT	0.0	0.0	1000.0
TRNACTPAT	0.0	0.0	1000.0
TRNACTPAT2	0.0	0.0	1000.0
TRNAATPAT	0.0	0.0	1000.0
BTDD_M	0.0	0.0	1000.0
RNF	-1000.0	0.0	1000.0
H2ASE_syn	0.0	0.0	1000.0
H2ASE_syn2	0.0	6.259534494234863	1000.0
BIF	0.0	0.0	1000.0
FRNDPR2r	-1000.0	0.0	1000.0
FBA	-1000.0	5.184546877125448	1000.0
MDH	0.0	2.3876094639574905	1000.0
PGK2	0.0	0.0	1000.0
TKT1	-1000.0	0.0	1000.0
TKT2	-1000.0	0.543084369384273	1000.0
FE2OR	0.0	0.0	1000.0
ADMDC	0.0	0.0	1000.0
GLUR	-1000.0	0.020364469382673677	1000.0
UDPGD	0.0	0.0	1000.0
ORNDC	0.0	0.0	1000.0
PAL	0.0	0.0	1000.0
GMAND	-1000.0	0.0	1000.0
CYSOR	-1000.0	0.0	1000.0
MMSDH	0.0	0.0	1000.0
OMPDC	0.0	0.03053913572086592	1000.0
GLYCDH	0.0	0.0	1000.0
HISDC	0.0	0.0	1000.0
PPYRDC	0.0	0.0	1000.0
HDHL	0.0	0.0	1000.0
E4PD	0.0	0.0	1000.0
ORPT	-1000.0	-0.0305391357209146	1000.0
F1PGT	0.0	0.0	1000.0
DGK1	0.0	0.0	1000.0
DTMPK	-1000.0	0.0055055951346824296	1000.0
PPDOy	-1000.0	0.0	1000.0
PPDHL	0.0	0.0	1000.0
UAAGLS2	0.0	0.0	1000.0
FCLK	0.0	0.0	1000.0
PRAICL	0.0	0.028799733887223466	1000.0
PERD	0.0	0.0	1000.0
THPAT	0.0	0.0	1000.0
MS	0.0	3.904835014076517e-18	1000.0
GLNSP2	0.0	0.0	1000.0
GFUCS	-1000.0	0.0	1000.0
UG6PGT	0.0	0.0	1000.0
UDPGDC	0.0	0.0	1000.0
3OACOAS	0.0	0.0	1000.0
TRNAGLYUDAT	0.0	0.0	1000.0
TRNAALAUDAT	0.0	0.0	1000.0
OMCDC	0.0	0.0861187216508872	1000.0
AACPS3MBUT	-1000.0	0.006592028729105117	1000.0
SKK	0.0	0.543084369384273	1000.0
G5SADs	-1000.0	0.036253814068006596	1000.0
HSK	0.0	0.051814035334114245	1000.0
GLCS1	0.0	0.0	1000.0
GLCP	0.0	0.0	1000.0
AACPS3MCR	-1000.0	2.099220802279277e-13	1000.0
MCACPR	-1000.0	2.0992208022792767e-13	1000.0
BC13FAS	-1000.0	0.0009356427873866503	1000.0
BC17FAS	-1000.0	0.005656385941928388	1000.0
MAGS	-1000.0	0.021264608804242056	1000.0
DAGS	-1000.0	0.02126460880424206	1000.0
DAGP	0.0	0.006013604770517072	1000.0
CDGS	0.0	0.015251004033724983	1000.0
GDAGS	-1000.0	0.003039514778250065	1000.0
GDAGS2	-1000.0	0.0013029406093829712	1000.0
PGLP	0.0	0.004290743037152812	1000.0
PGLS	0.0	0.0004196463552778649	1000.0
CDGSOT	-1000.0	0.010960260996572177	1000.0
PHSD	0.0	0.010960260996572177	1000.0
G3PCT	0.0	0.09100694382839727	1000.0
GLAS	0.0	0.00013103661073972207	1000.0
GALAS	0.0	0.00011732280234197902	1000.0
ALLAS	0.0	0.00034580377605778227	1000.0
LAS	0.0	0.0002803477149411648	1000.0
PDGS	0.0	0.020364469382673674	1000.0
GLYTAS	0.0	0.0007237938172358279	1000.0
ATAS	0.0	0.0004688199555655746	1000.0
GLUTAS	0.0	0.00036335694120885815	1000.0
MTAS	0.0	0.0006240809367717119	1000.0
ATPM	1.142292094	1.142292094	1000.0
CEPA5	0.0	0.0	1000.0
CEPA4	0.0	0.0	1000.0
CEPA3	0.0	0.0	1000.0
CEPA2	0.0	0.0	1000.0
NH4tabc	0.0	2.1678750298492986	1000.0
RBFSb	0.0	0.0	1000.0
ICOR	0.0	0.0	1000.0
PGI	-1000.0	5.793010302062448	1000.0
DHAD2	0.0	0.07796527712790578	1000.0
FBA3	-1000.0	0.0	1000.0
PFK3_ppi	0.0	0.0	1000.0
IBUTCOARx	0.0	-9.678649649293518e-18	1000.0
ALCD23xi	0.0	-9.678649649293518e-18	1000.0
IBUTCOARy	0.0	0.0	1000.0
ALCD23yi	0.0	0.0	1000.0
DPR	0.0	0.0	1000.0
ALCD3x	0.0	0.0	1000.0
ALCD23xi2	0.0	0.0	1000.0
3MOPDC	0.0	0.0	1000.0
ALCD22xi	0.0	0.0	1000.0
ALCD22xi2	0.0	0.0	1000.0
4MOPDC	0.0	0.0	1000.0
ALCD3MBOH	0.0	0.0	1000.0
ADCL	0.0	0.0	1000.0
GTPCI	0.0	0.0	1000.0
AKP1	0.0	0.0	1000.0
GCALDD	0.0	0.0	1000.0
ASPO2	0.0	0.0	1000.0
ASPO2y	0.0	0.0036782894742566725	1000.0
HSERTA	-1000.0	0.01992221805397441	1000.0
FRDx	0.0	0.0	1000.0
GLCEQ3	0.0	0.0	1000.0
GLCEQ4	0.0	0.0	1000.0
GLCEQ5	0.0	0.0	1000.0
GLCEQ6	0.0	0.0	1000.0
GRTT	0.0	0.0	1000.0
DLMETR	-1000.0	3.74707047836043e-18	1000.0
2DHPFALDL	0.0	0.09530081700979298	1000.0
ALDD1	-1000.0	0.09530081700979297	1000.0
R09543	-1000.0	0.0	1000.0
R10115	0.0	0.0	1000.0
R10116	-1000.0	0.0	1000.0
R10117	-1000.0	0.0	1000.0
R10118	-1000.0	0.0	1000.0
R10119	0.0	0.0	1000.0
R10120	-1000.0	0.0	1000.0
R10121	-1000.0	0.0	1000.0
R10122	-1000.0	0.0	1000.0
PMEACPE	-1000.0	0.0	1000.0
AOXSr2	0.0	0.0	1000.0
BTS6	0.0	0.0	1000.0
PMDPHT	0.0	0.0	1000.0
ADA	-1000.0	-0.029235314728063667	1000.0
HXPRT	-1000.0	-0.029235314728063667	1000.0
XPPT	-1000.0	0.0	1000.0
GUAD_1	0.0	0.0	1000.0
R11633	0.0	0.0	1000.0
R11634	0.0	0.0	1000.0
R11635	0.0	0.0	1000.0
R11636	0.0	0.0	1000.0
R03472	-1000.0	0.0	1000.0
TMDPP	-1000.0	0.0	1000.0
NTD1	-1000.0	0.0	1000.0
PYNP2r	-1000.0	0.0	1000.0
R02135	-1000.0	0.0	1000.0
OAADC	0.0	9.169139308342297	1000.0
NPH	0.0	0.0	1000.0
FADDP	0.0	0.0	1000.0
UDPGP	0.0	0.0	1000.0
R03004	0.0	0.0	1000.0
R03036	0.0	0.0	1000.0
GLUN	0.0	0.0	1000.0
GLYCL	0.0	0.0	1000.0
ARGDC	-1000.0	0.0	1000.0
R03105	0.0	0.04856972901525396	1000.0
CYS	-1000.0	0.03676630636892303	1000.0
HEX1	0.0	2.921443835972642	1000.0
URIDK2r	-1000.0	-0.0055055951346824296	1000.0
NTD8	0.0	0.0	1000.0
NTD5	0.0	0.0	1000.0
NTD3	0.0	0.0	1000.0
NTP3	0.0	0.0	1000.0
PACPT	0.0	0.0	0.0
ACS2	0.0	0.0	0.0
PPAKr	0.0	0.0	0.0
ME1	0.0	0.0	1000.0
R11098	0.0	0.0	1000.0
R11099	0.0	0.0	1000.0
FNOR	0.0	0.0	0.0
MMCD	0.0	0.0	1000.0
FDH	0.0	0.0	1000.0
NTD2	0.0	0.0	0.0
R08515	0.0	0.0	0.0
MAN1PT2	0.0	0.0	0.0
NTD4	0.0	0.0	0.0
IDPA	0.0	0.0	0.0
SLFAT	0.0	0.0	0.0
H2Ot	-1000.0	2.3075221093103195	1000.0
CO2t	-1000.0	-7.893109932111636	1000.0
CEL2abc	0.0	2.921443835972642	1000.0
CEL3abc	0.0	0.0	1000.0
CEL4abc	0.0	0.0	1000.0
CEL5abc	0.0	0.0	1000.0
CEL6abc	0.0	0.0	1000.0
UREAabc	0.0	0.0	1000.0
MG2abc	0.0	0.021302096455837694	1000.0
SULabc	0.0	0.03172564070030533	1000.0
FE3abc	0.0	0.000722427387993992	1000.0
H2St1	-1000.0	0.0	1000.0
ALAabc	-1000.0	0.0	1000.0
ASNabc	-1000.0	-1.5484885147005687e-17	1000.0
GLUabc	-1000.0	0.0	1000.0
GLNabc	-1000.0	0.0	1000.0
GLYabc	-1000.0	0.0	1000.0
LEUabc	-1000.0	-3.101016318128443e-17	1000.0
PHEabc	-1000.0	0.48110962388848544	1000.0
PROabc	-1000.0	4.086773218323191e-18	1000.0
FORabc	0.0	0.0	0.0
FORt2r	0.0	0.0	1000.0
FORt	0.0	0.0	1000.0
LACLabc	0.0	0.0	0.0
LACt2r	0.0	0.0	1000.0
LACt	0.0	0.0	1000.0
H2td	-1000.0	13.371780789679438	1000.0
PYRabc	0.0	0.0	0.0
PYRt2r	0.0	0.0	1000.0
PYRt	0.0	0.0	1000.0
MALLabc	0.0	0.0	0.0
MALt2	0.0	0.0	1000.0
MALt	0.0	0.0	1000.0
BTDt_M	-1000.0	0.0	1000.0
BTDt_RR	-1000.0	0.0	1000.0
PYRGt	-1000.0	0.0	1000.0
IBUTOHt	-1000.0	-9.678649649293518e-18	1000.0
FUMabc	0.0	0.0	0.0
FUMt2	0.0	0.0	1000.0
FUMt	0.0	0.0	1000.0
XYLTt	-1000.0	-0.46425118889841405	1000.0
PPAna	0.0	0.0	1000.0
NA1abc	0.0	0.0006710906645796622	1000.0
PIt	0.0	0.0	1000.0
PIt2	0.0	0.20656986262700933	1000.0
ETOHt	-1000.0	0.0	1000.0
FUCabc	0.0	0.0	1000.0
GLCabc	0.0	0.0	1000.0
SBTabc	0.0	0.0	1000.0
FRUabc	0.0	0.0	1000.0
CITt2	-1000.0	0.0	1000.0
RIBabc	-1000.0	0.0	1000.0
THRabc	-1000.0	-3.125051146937948e-17	1000.0
VALabc	-1000.0	0.0	1000.0
TYRabc	-1000.0	3.871221286751422e-18	1000.0
SERabc	-1000.0	0.0	1000.0
TRPabc	-1000.0	-4.454942368996879e-18	1000.0
ASPabc	-1000.0	0.0	1000.0
ILEabc	-1000.0	-4.6515244771926644e-17	1000.0
SPMDabc	-1000.0	0.0	1000.0
PTRCabc	-1000.0	1.6234765331744887e-17	1000.0
METDabc	-1000.0	-8.43008908122625e-18	1000.0
ADOCBLabc	-1000.0	0.0	1000.0
ARGabc	-1000.0	0.0	1000.0
LYSabc	-1000.0	0.0	1000.0
HISabc	-1000.0	0.0	1000.0
ADEabc	-1000.0	0.0	1000.0
CYTDabc	-1000.0	0.0	1000.0
URIabc	-1000.0	0.0	1000.0
GSNabc	-1000.0	0.0	1000.0
TYHMDabc	-1000.0	0.0	1000.0
ACabc	0.0	0.0	0.0
ACt2	0.0	6.428356248447063	1000.0
ACt	0.0	0.0	1000.0
THMecf	-1000.0	0.0	1000.0
NACecf	-1000.0	0.0	1000.0
PNTOecf	-1000.0	0.0	1000.0
RIBFLVecf	-1000.0	0.0	1000.0
CAt7r	-1000.0	0.0006710906645796622	1000.0
K3tr	-1000.0	0.1479010155463014	1000.0
EXCH_biomass_CT_c	0.0	0.198452575	1000.0
EXCH_glycogen_c	0.0	0.0	1000.0
EXCH_amob_e	0.0	0.0	1000.0
EXCH_cellb_e	-2.92144383597262	-2.92144383597262	-2.92144383597262
EXCH_h_e	-1000.0	7.458362647794942	1000.0
EXCH_met__D_e	0.0	0.0	1000.0
EXCH_ade_e	0.0	0.0	1000.0
EXCH_g1p_e	0.0	0.0	0.0
EXCH_cytd_e	0.0	0.0	1000.0
EXCH_uri_e	0.0	0.0	1000.0
EXCH_ptrc_e	0.0	0.0	1000.0
EXCH_gsn_e	0.0	0.0	1000.0
EXCH_thymd_e	0.0	0.0	1000.0
EXCH_spmd_e	0.0	0.0	1000.0
EXCH_adocbl_e	0.0	0.0	1000.0
EXCH_rib__D_e	0.0	0.0	1000.0
EXCH_nh4_e	-1000.0	-2.1678750298492986	1000.0
EXCH_h2o_e	-1000.0	-2.307522109310319	1000.0
EXCH_co2_e	0.0	7.893109932111637	1000.0
EXCH_cell3_e	0.0	0.0	0.0
EXCH_cell4_e	0.0	0.0	0.0
EXCH_cell5_e	0.0	0.0	0.0
EXCH_cell6_e	0.0	0.0	0.0
EXCH_urea_e	0.0	0.0	1000.0
EXCH_ca2_e	-1000.0	-0.0006710906645796621	1000.0
EXCH_mg2_e	-1000.0	-0.021302096455837694	1000.0
EXCH_k_e	-1000.0	-0.1479010155463014	1000.0
EXCH_so4_e	-1000.0	-0.03172564070030532	1000.0
EXCH_pi_e	-1000.0	-0.20656986262700935	1000.0
EXCH_fe3_e	-1000.0	-0.0007224273879939918	1000.0
EXCH_h2s_e	0.0	0.0	1000.0
EXCH_ala__L_e	0.0	0.0	1000.0
EXCH_arg__L_e	0.0	0.0	1000.0
EXCH_asn__L_e	0.0	0.0	1000.0
EXCH_asp__L_e	0.0	0.0	1000.0
EXCH_cys__L_e	0.0	0.0	1000.0
EXCH_glu__L_e	0.0	0.0	1000.0
EXCH_gln__L_e	0.0	0.0	1000.0
EXCH_gly_e	0.0	0.0	1000.0
EXCH_his__L_e	0.0	0.0	1000.0
EXCH_ile__L_e	0.0	0.0	1000.0
EXCH_leu__L_e	0.0	0.0	1000.0
EXCH_lys__L_e	0.0	0.0	1000.0
EXCH_met__L_e	0.0	0.0	1000.0
EXCH_phe__L_e	0.0	0.4811096238884855	1000.0
EXCH_pro__L_e	0.0	0.0	1000.0
EXCH_ser__L_e	0.0	0.0	1000.0
EXCH_thr__L_e	0.0	0.0	1000.0
EXCH_trp__L_e	0.0	0.0	1000.0
EXCH_tyr__L_e	0.0	0.0	1000.0
EXCH_val__L_e	0.0	0.0	1000.0
EXCH_ac_e	0.0	6.428356248447063	1000.0
EXCH_for_e	0.0	0.0	1000.0
EXCH_lac__L_e	0.0	0.0	1000.0
EXCH_h2_e	0.0	13.371780789679438	1000.0
EXCH_pyr_e	0.0	0.0	1000.0
EXCH_succ_e	0.0	0.0	1000.0
EXCH_mal__L_e	0.0	0.0	1000.0
EXCH_btd_M_e	0.0	0.0	1000.0
EXCH_btd_RR_e	0.0	0.0	1000.0
EXCH_5oxpro_e	0.0	0.0	1000.0
EXCH_ibutoh_e	0.0	-9.678649649293518e-18	1000.0
EXCH_fum_e	0.0	0.0	1000.0
EXCH_xylt_e	0.0	0.46425118889841405	1000.0
EXCH_etoh_e	0.0	0.0	1000.0
EXCH_ppoh_e	0.0	0.0	1000.0
EXCH_2mbtoh_e	0.0	0.0	1000.0
EXCH_na1_e	-1000.0	0.0	1000.0
EXCH_glceq_e	0.0	0.0	1000.0
EXCH_fuc__L_e	0.0	0.0	1000.0
EXCH_glc__D_e	0.0	0.0	1000.0
EXCH_sbt__D_e	0.0	0.0	1000.0
EXCH_fru_e	0.0	0.0	1000.0
EXCH_cit_e	0.0	0.0	1000.0
EXCH_thm_e	0.0	0.0	1000.0
EXCH_pnto__R_e	0.0	0.0	1000.0
EXCH_nac_e	0.0	0.0	1000.0
EXCH_ribflv_e	0.0	0.0	1000.0
DM_TEST	0.0	0.0	0.0
SINK_TEST	0.0	0.0	1000.0


ppi_c consuming reactions and rates of ppi_c consumption: 
other_biomass	-0.0001921700871041218	(-0.0036856738020593846%)
F6PPT	-5.184546877125448	(-99.43560357662035%)
HXPRT	-0.029235314728063667	(-0.5607107495861358%)


ppi_c producing reactions and rates of ppi_c production: 
NA_biomass	0.09962319265	(1.9106958671912082%)
PPDK	3.670051110522536	(70.38874485675213%)
NADS2	0.0036782894742566734	(0.0705467503082993%)
GALU	0.049877369882836385	(0.9566094196189439%)
UAGP2UAG	0.06537905555272673	(1.253919774327363%)
SADT	0.03172564070030533	(0.6084732777339533%)
ASNS1	0.03873661614914758	(0.7429383702365063%)
ATPPRT	0.010850304576421124	(0.20810045894402177%)
GLUPRT	0.02879973388722347	(0.5523566455840189%)
ANPRT	0.004965716826985864	(0.09523861228074916%)
GMPS	0.010414723735580927	(0.19974635494190476%)
ARGSS	0.0289557245519926	(0.5553484260175361%)
TYRTRS	0.02700662052746239	(0.5179661166844128%)
NNAT	0.0036782894742566734	(0.0705467503082993%)
ALATRS	0.09283268414139505	(1.7804591602719564%)
NNDPR	0.0036782894742566734	(0.0705467503082993%)
ARGTRS	0.028955724551992617	(0.5553484260175364%)
ASNTRS	0.03873661614914759	(0.7429383702365066%)
CYSTRS	0.01180342264633093	(0.22638052715584825%)
GLNTRS	0.020861746556166176	(0.40011218138025756%)
GLYTRS	0.12072863019844982	(2.3154818535303563%)
HISTRS	0.010850304576421133	(0.20810045894402193%)
ILETRS	0.07796527712790582	(1.4953137801562606%)
LEUTRS	0.07952669292178212	(1.5252605287493104%)
LYSTRS	0.07437582938342709	(1.4264709455869118%)
METTRS	0.019922218053974417	(0.38209275057810543%)
PHETRS	0.03000240814133939	(0.575423008604423%)
PROTRS	0.03625381406800659	(0.6953201445071202%)
SERTRS	0.07116919402853526	(1.3649701568929948%)
THRTRS	0.05181403533411428	(0.9937531667269991%)
TRPTRS	0.004965716826985868	(0.09523861228074926%)
VALTRS	0.07450923708195178	(1.429029602175224%)
PRATPP	0.010850304576421124	(0.20810045894402177%)
ADPT2	1.1368683772161603e-13	(2.180425714239839e-12%)
ASPTRS	0.051903217374270186	(0.9954636093560787%)
GLUTRS	0.06191369165129968	(1.187456772001867%)
ORPT	0.0305391357209146	(0.585717028910566%)
CDGS	0.015251004033724983	(0.29250247460077533%)
PGLS	0.0004196463552778649	(0.008048492879848195%)
G3PCT	0.09100694382839727	(1.7454428716165131%)
ALLAS	0.008299290625386774	(0.15917398224985765%)
ATAS	0.021096898000450857	(0.4046222044060934%)

production flux through ppi_c: 5.21397436194017
