pFBA knockout results
model: iCBI665

time to solve: 0:00:00.020020
objective value: 11.43525580
ethanol maximization reaction flux profile

reaction	lb	level	ub
----------------------------------------------------------------------------------
PPA	0.0	5.7482072585777715	1000.0
ACLS	0.0	0.012154558549125775	1000.0
PDHam1hi	0.0	0.006507952443044791	1000.0
ECH	-1000.0	0.0	1000.0
AHEXASE3	0.0	0.0	1000.0
CLBH	0.0	0.0	1000.0
PPBNGS	0.0	0.0	1000.0
HMBS	0.0	0.0	1000.0
ATPS	0.0	0.0	1000.0
GLUS	0.0	0.0	1000.0
NADK	0.0	0.0005225119227040519	1000.0
GLUSy	0.0	0.0	1000.0
ADK1	0.0	0.04011572472609937	1000.0
DPCOAK	0.0	0.0	1000.0
UREA	0.0	0.0	1000.0
NMNAT	0.0	0.0	1000.0
HAMR	-1000.0	0.0	1000.0
NDPK2	0.0	0.017530276788068795	1000.0
UMPK	0.0	0.012416165486115203	1000.0
FMNAT	0.0	0.0	1000.0
METAT	0.0	0.0	1000.0
NTD7	0.0	0.0	1000.0
BPNT	0.0	0.0028270264218258367	1000.0
ADPT	0.0	0.0	1000.0
AHCi	0.0	0.0	1000.0
PPDK	0.0	0.0	0.0
PFL	0.0	0.04170826022866132	1000.0
ME2	-1000.0	11.513972528107963	1000.0
ACALD	0.0	11.43525580465915	1000.0
PTAr	-1000.0	1.61091522987879e-14	1000.0
ACS	0.0	0.009334978864870627	1000.0
ACADCOAT	0.0	0.0	1000.0
GLU5K	0.0	0.0027128146946210643	1000.0
GLUDy	-1000.0	-0.13636282343535017	1000.0
OPAH	-1000.0	0.0	1000.0
GLNS	0.0	0.02884036341865319	1000.0
NADS2	0.0	0.0014069303102328694	1000.0
ALATA_L	-1000.0	-0.011657093489733357	1000.0
ACGS	0.0	0.0	1000.0
ICDHyr	0.0	0.01584344608496271	1000.0
OXSCL	0.0	0.0	1000.0
GALU	-1000.0	0.00684480208239265	1000.0
HEX1	0.0	2.9214438359726205	1000.0
ACKr	0.0	0.0	1000.0
ACADT	0.0	0.0	1000.0
NDPK1	-1000.0	0.0	1000.0
GK1	-1000.0	0.0007111617137741066	1000.0
PPGPPDP	0.0	0.0	1000.0
PC	0.0	0.0	1000.0
CS	0.0	0.01584344608496271	1000.0
ASPTA	-1000.0	-0.048413807168986266	1000.0
AGT	-1000.0	0.0	1000.0
GLYAT	-1000.0	0.0	1000.0
GLYTA	-1000.0	6.308957606499741e-16	1000.0
ALAR	0.0	0.004736801757600531	1000.0
UAG2EMA	0.0	0.0	1000.0
UAGP2UAG	0.0	0.0062710894804422	1000.0
UAG4Ei	0.0	0.001791113766183649	1000.0
UAG2E	0.0	0.00014904471867283625	1000.0
GTPCII2	0.0	0.0	1000.0
NTPP2	0.0	0.0	1000.0
NTPH	0.0	0.0	1000.0
GTPDPK	0.0	0.0	1000.0
PEPCK_re	-1000.0	11.56904627262603	1000.0
DAPDC	0.0	0.006246680580508951	1000.0
LYSDC	0.0	0.0	1000.0
HOGL	-1000.0	0.0	1000.0
ASPK	0.0	0.02060666067547856	1000.0
ASNS2	0.0	0.004234039303287425	1000.0
ASP1DC	0.0	7.541681831084153e-18	1000.0
ADSK	0.0	0.0028270264218258367	1000.0
NTD4	0.0	0.0	1000.0
CYTK1	-1000.0	0.007189476639397753	1000.0
CYTDK1	0.0	0.0	1000.0
UTCY	0.0	0.0	1000.0
CYTDK2	0.0	0.0	1000.0
SADT	0.0	0.002827026421825837	1000.0
RBFK	0.0	0.0	1000.0
DCTPD2	0.0	0.0	1000.0
NDPK3	-1000.0	0.007175280517607492	1000.0
CTPS1	0.0	0.0036387606657930067	1000.0
CTPS2	0.0	0.0	1000.0
CBPS	0.0	0.01187189154093311	1000.0
ASNS1	0.0	0.0	1000.0
PSP	0.0	0.01535959857395847	1000.0
SPTc	-1000.0	0.0	1000.0
SERAT	0.0	0.000899326231218997	1000.0
SGAT	0.0	0.0	1000.0
TDP	0.0	0.0	1000.0
TMDPPK	0.0	0.0	1000.0
TMDPK	0.0	0.0	1000.0
ENO	-1000.0	11.599999386993389	1000.0
UAGCVT	0.0	0.001950467053294956	1000.0
NTTP8	0.0	0.0	1000.0
TRPS2	0.0	0.0	1000.0
AROH	0.0	0.0	1000.0
PHETA1	-1000.0	-0.010499548999003617	1000.0
LDH_L	0.0	0.0	1000.0
ALDD2x	0.0	0.0	1000.0
ALDD2y	0.0	0.0	1000.0
GLYCLTDx	-1000.0	-6.308957606499742e-16	1000.0
NTPP9	0.0	0.0	1000.0
NDPK9	0.0	0.0	1000.0
TYRTA	-1000.0	-0.003275448574157391	1000.0
ACCOAC	0.0	0.0	1000.0
ALCD2x	0.0	11.43525580465915	1000.0
G6PDA_1	0.0	0.0	1000.0
GF6PTA	0.0	0.0062710894804422004	1000.0
CYSDS	0.0	0.0	1000.0
G3PD1ir	0.0	0.0	1000.0
G3PD2	0.0	0.0	1000.0
GLYK	0.0	0.0	1000.0
HSOR	0.0	0.0028270264218258367	1000.0
SULR_ferr	0.0	0.0	1000.0
HEX7	0.0	0.0	1000.0
SBTD_D2	0.0	0.0	1000.0
MAN1PT	0.0	0.0	1000.0
CYSTA	0.0	0.0	1000.0
CYSS	0.0	0.0008993262312189968	1000.0
AMPTASECG	-1000.0	0.0	1000.0
ALDD22x	0.0	0.0	1000.0
PCMT	0.0	0.0	1000.0
PTA2	0.0	0.0	1000.0
PACPT	-1000.0	0.0	1000.0
MCITS	0.0	0.0	1000.0
DHFR2i	0.0	0.0	1000.0
THFOR1	0.0	0.0	1000.0
DHFR	0.0	0.0	1000.0
THFOR2	0.0	0.0003327371703823259	1000.0
THFGLUS	0.0	0.0	1000.0
FTHFLi	0.0	0.0008767821767420543	1000.0
GHMT2r	-1000.0	-0.007960839488574763	1000.0
METS	0.0	0.0019277001906068398	1000.0
GLGC	0.0	0.0	1000.0
CEPA	0.0	2.9214438359726205	1000.0
G1PCTYT	0.0	0.0	1000.0
ITCY	0.0	0.0	1000.0
NTD2	0.0	11.565243399811266	1000.0
URIK1	0.0	0.0	1000.0
UPPRT	0.0	0.0	1000.0
UTUP	0.0	0.0	1000.0
URIK2	0.0	11.565243399811264	1000.0
URIK3	0.0	0.0	1000.0
ANS	0.0	0.000726326083871718	1000.0
MMOR	0.0	0.0	1000.0
SHSL4	0.0	0.0	1000.0
2HBO	0.0	0.0	1000.0
CYSTGL	0.0	0.006507952443044791	1000.0
DOLPMT	0.0	0.0	1000.0
TPI	-1000.0	-5.813863526415139	1000.0
MGSA	0.0	0.0	1000.0
PRPPS	0.0	0.014501323657034437	1000.0
ADPRDP	0.0	0.0	1000.0
RPI	-1000.0	-0.014501323657032007	1000.0
PPM	-1000.0	0.0	1000.0
GAPD	-1000.0	11.61535898556735	1000.0
DRPA	0.0	0.0	0.0
TGBPA	0.0	0.0	1000.0
ATPPRT	0.0	0.0011078703256052118	1000.0
GLUPRT	0.0	0.002734656989360871	1000.0
ANPRT	0.0	0.0007263260838717181	1000.0
BACCL	0.0	0.0	1000.0
FUM	-1000.0	-0.00918350873588199	1000.0
ADSL1r	-1000.0	0.003102500153551776	1000.0
ARGSL	-1000.0	0.0033463515929693438	1000.0
LEUTA	0.0	0.006657203302433497	1000.0
ACNMCT	0.0	0.0	1000.0
IPDPTA	-1000.0	0.0	1000.0
NTD11	0.0	0.0	1000.0
IMPC	-1000.0	-0.003842527314966082	1000.0
IMPD	-1000.0	0.0007400271614143054	1000.0
ADSS	0.0	0.003102500153551776	1000.0
NDPK8	0.0	0.0	1000.0
ALAALAr	0.0	0.0019504670532949555	1000.0
AGMT	0.0	0.0	1000.0
LHOR	0.0	0.0011078703256052116	1000.0
NHHA	-1000.0	0.0	1000.0
BTCOARx	0.0	0.0	1000.0
POR	0.0	11.422319283298332	1000.0
OOR3	0.0	0.0	1000.0
OBFOR	0.0	0.0	1000.0
DHAD1	0.0	0.012154558549125775	1000.0
IPPS	0.0	0.006657203302433496	1000.0
VALTA	-1000.0	-0.0054973552466922775	1000.0
MTHFD	-1000.0	0.005700402127585497	1000.0
MTHFO_nadp	0.0	0.0	1000.0
MOHMT	0.0	0.0	1000.0
NTD9	0.0	0.0	1000.0
GPAR	0.0	0.0	1000.0
GMPS	0.0	0.0007400271614143057	1000.0
GMPS2	0.0	0.0	1000.0
PRO1x	0.0	0.0	1000.0
P5CR	0.0	0.0027128146946210634	1000.0
FACOAL160	0.0	0.0	1000.0
CYSTL	0.0	0.0	1000.0
AHHST	0.0	0.0019277001906068398	1000.0
SHSL2	0.0	0.0	1000.0
ACONT	-1000.0	0.01584344608496271	1000.0
PPNDH	0.0	0.010499548999003615	1000.0
UGE2	-1000.0	0.0	1000.0
HPYRRx	-1000.0	0.0	1000.0
ASPCT	0.0	0.008525539947963765	1000.0
OCBT	-1000.0	0.0033463515929693438	1000.0
MTAP	-1000.0	0.0	1000.0
NBAH	0.0	0.0	1000.0
THRS	0.0	0.003973860408023026	1000.0
PGK	0.0	11.615358985567351	1000.0
PGLYDH	0.0	0.01535959857395847	1000.0
GLYPT	0.0	0.0	1000.0
PGM	-1000.0	-11.599999386993389	1000.0
RPE	-1000.0	-0.014501323657032007	1000.0
2D3DGLNR	-1000.0	0.0	1000.0
DADK	0.0	0.0	1000.0
DATCY	0.0	0.0	1000.0
DATUP	0.0	0.0	1000.0
PUNP1	-1000.0	0.0	1000.0
NTD5	0.0	0.0	1000.0
ABGPT	0.0	0.0	1000.0
ACOATA	0.0	0.0	1000.0
ACPS1	0.0	1.0839764690441378e-31	1000.0
MCOATA	0.0	0.0	1000.0
XYLK	-1000.0	0.0	1000.0
MTHFC	-1000.0	0.0029657451382240274	1000.0
DMATT	0.0	0.0	1000.0
DCMPDA	-1000.0	0.0	1000.0
NTD3pp	0.0	0.0	1000.0
CYTK2n	0.0	0.0	1000.0
CHRS	0.0	0.014501323657032097	1000.0
CHORM	0.0	0.013774997573161007	1000.0
ADCS	0.0	-6.308957606499741e-16	1000.0
NAMNPP	0.0	0.0	1000.0
PPND	0.0	0.003275448574157391	1000.0
GLYALDDr	-1000.0	0.0	1000.0
HSDxi	0.0	0.0	1000.0
HSDH	0.0	0.012409513041674659	1000.0
HSST	0.0	0.0	1000.0
CDGPT	0.0	0.00038890093642860937	1000.0
ACNPLYS	0.0	0.0	1000.0
PMANM	-1000.0	0.0	1000.0
MPAKI	-1000.0	0.0	1000.0
DPHS	0.0	0.014501323657032097	1000.0
NTPP1	0.0	0.0	1000.0
NTPTP1	0.0	0.0	1000.0
NDPK5	0.0	0.0	1000.0
PPCOAC	0.0	0.0	1000.0
PUNP5	-1000.0	0.0	1000.0
DHORD_NAD	0.0	0.008525539947963765	1000.0
QUINDH	0.0	0.0	1000.0
CYTD	0.0	0.0	1000.0
DGTUP	0.0	0.0	1000.0
XYLTD_D	0.0	0.0	1000.0
SPMS	0.0	0.0	1000.0
SALCCM	-1000.0	0.0	1000.0
ARGSS	-1000.0	0.0033463515929693438	1000.0
NTD8	0.0	0.0	1000.0
PUNP4	-1000.0	0.0	1000.0
HBCO	-1000.0	0.0	1000.0
AABHH	0.0	0.0	1000.0
DHR	-1000.0	-0.008525539947963765	1000.0
RDXR	-1000.0	0.0	1000.0
RNTR1	0.0	0.00033273717038227664	1000.0
TRDR	0.0	0.003859109381454696	1000.0
RNDR1n	0.0	0.0	1000.0
RNDR4n	0.0	0.0005160414798144295	1000.0
RNDR2	0.0	0.0	1000.0
RNTR2	0.0	0.00018330430943215296	1000.0
PAPSR	0.0	0.0028270264218258367	1000.0
RNTR3	0.0	0.0	1000.0
RNTR4	0.0	0.0	1000.0
RNDR3	0.0	0.0	1000.0
CLS2	0.0	8.736074947853439e-06	1000.0
AGDC	0.0	0.0	1000.0
PGAMT	-1000.0	-0.0062710894804422004	1000.0
FRTT	-1000.0	0.0	1000.0
F6PPT	0.0	5.815270456725372	1000.0
NTD6	0.0	0.0	1000.0
DGTCY	0.0	0.0	1000.0
NDPK4	0.0	0.00033273717038227664	1000.0
DTTGY	0.0	0.0	1000.0
DTTUP	0.0	0.0	1000.0
DUTPDP	0.0	0.00033273717038227653	1000.0
TMDS	0.0	0.00033273717038227664	1000.0
PUNP3	-1000.0	0.0	1000.0
ILETA	-1000.0	-0.00650795244304479	1000.0
DHFOR	0.0	0.000332737170382326	1000.0
DHFOR2	0.0	0.0	1000.0
DHFS	0.0	-6.30895760649974e-16	1000.0
PPROR	-1000.0	0.0	1000.0
FCLPA	0.0	0.0	1000.0
G1SAT	-1000.0	0.0	1000.0
ORNTAC	-1000.0	0.003346351592969344	1000.0
ACOTA	-1000.0	-0.0033463515929693438	1000.0
ASAD	-1000.0	-0.02060666067547856	1000.0
ASAHL	0.0	0.008197147633803905	1000.0
PNP	-1000.0	0.0	1000.0
NP1	-1000.0	0.0	1000.0
PYNP1	-1000.0	0.0	1000.0
PUNP7	-1000.0	0.0	1000.0
FTCL	0.0	-5.979014564563593e-16	1000.0
NMNR	0.0	0.0	1000.0
RNMK	0.0	0.0	1000.0
DCTPD	-1000.0	-0.00018330430943215296	1000.0
NDPK7	0.0	0.0	1000.0
DCTUP	0.0	0.0	1000.0
NDPK6	0.0	0.0005160414798144295	1000.0
DUTUP	0.0	0.0	1000.0
TRPS3	0.0	0.0	1000.0
DCTCP	0.0	0.0	1000.0
DUTCP	0.0	0.0	1000.0
CTINBL	0.0	0.0	1000.0
SKDH	0.0	0.0	1000.0
CDPGLC46DH	0.0	0.0	1000.0
AATC	-1000.0	0.0	1000.0
PANTS	0.0	0.0	1000.0
DURIPP	-1000.0	0.0	1000.0
DCYTD	0.0	0.0	1000.0
PACCOAL	0.0	0.0	1000.0
PUNP2	-1000.0	0.0	1000.0
3SALATA	-1000.0	0.0	1000.0
ACGK	0.0	0.003346351592969344	1000.0
ALDD20x	-1000.0	0.0	1000.0
UDPG2DGT	0.0	0.00016409260777051378	1000.0
NTD10	0.0	0.0	1000.0
NTPP11	0.0	0.0	1000.0
SERH	0.0	0.0007263260838717181	1000.0
DAPE	-1000.0	0.008197147633803905	1000.0
PUNP6	-1000.0	0.0	1000.0
PPM2	-1000.0	0.0	1000.0
DHDOR	0.0	0.0	1000.0
UAMAGS	0.0	0.0019504670532949557	1000.0
UAAGDS	0.0	0.0019504670532949555	1000.0
SHCHF	-1000.0	0.0	1000.0
SPRMS	-1000.0	0.0	1000.0
TYRTRS	0.0	0.0	1000.0
BDOR	0.0	0.0	1000.0
ACLDC	0.0	0.0	1000.0
APNPT	0.0	0.0	1000.0
NNAT	0.0	0.0014069303102328696	1000.0
HISOR	0.0	0.0011078703256052114	1000.0
HISTP	0.0	0.0011078703256052116	1000.0
PNTK	0.0	0.0	1000.0
ECOAH1	-1000.0	0.0	1000.0
APPAT	0.0	0.0	1000.0
ALATRS	0.0	0.0	1000.0
APL	0.0	0.0	1000.0
KARA1	0.0	0.012154558549125775	1000.0
CPHL	0.0	0.0	1000.0
DHPS	0.0	-6.308957606499741e-16	1000.0
DHPS2_1	0.0	0.0	1000.0
DHQS	0.0	0.014501323657032095	1000.0
DQDH	-1000.0	0.014501323657032097	1000.0
MCLORi	0.0	0.0	1000.0
13PPDH	0.0	0.0	1000.0
SLCYSS	0.0	0.0	1000.0
HPS	0.0	0.0	1000.0
UPP3S_1	0.0	0.0	1000.0
DBTS	0.0	0.0	1000.0
UACMUOR	0.0	0.0	1000.0
UAPGR	0.0	0.0019504670532949557	1000.0
UAMAS	0.0	0.0019504670532949557	1000.0
UPP3MT	0.0	0.0	1000.0
AOXSr	-1000.0	0.0	1000.0
AHSL	-1000.0	0.006507952443044791	1000.0
AMAOTr	-1000.0	0.0	1000.0
PFK_2	0.0	0.0	1000.0
PFK_4	0.0	0.0	1000.0
PFK_5	0.0	0.0	1000.0
PFK_6	0.0	0.0	1000.0
HSTPT	0.0	0.0011078703256052116	1000.0
SHSL1	-1000.0	0.0	1000.0
PPCDC	0.0	0.0	1000.0
TBALOR	0.0	0.0	1000.0
G5SD	0.0	0.002712814694621064	1000.0
NT5C	0.0	0.0	1000.0
NICRNS	0.0	0.0	1000.0
NNDPR	0.0	0.0014069303102328696	1000.0
BGGHL	-1000.0	0.0	1000.0
CDP4D6DGLCRx	0.0	0.0	1000.0
CDP4D6DGLCRx2	0.0	0.0	1000.0
GTPDPDP	0.0	0.0	1000.0
AGPR	-1000.0	-0.0033463515929693433	1000.0
IGPDH	0.0	0.0011078703256052116	1000.0
APRAUR	0.0	0.0	1000.0
DHPPDA2	0.0	0.0	1000.0
PSCVT	0.0	0.014501323657032097	1000.0
DHNPA2r	0.0	0.0	1000.0
IGPS	0.0	0.0007263260838717181	1000.0
PRAI	-1000.0	0.0007263260838717181	1000.0
NDPK10	0.0	0.0	1000.0
NTPP10	0.0	0.0	1000.0
ARGTRS	0.0	0.0	1000.0
ASNTRS	0.0	0.0	1000.0
CYSTRS	0.0	0.0	1000.0
GLNTRS	0.0	0.0	1000.0
GLYTRS	0.0	0.0	1000.0
HISTRS	0.0	0.0	1000.0
ILETRS	0.0	0.0	1000.0
LEUTRS	0.0	0.0	1000.0
LYSTRS	0.0	0.0	1000.0
METTRS	0.0	0.0	1000.0
PHETRS	0.0	0.0	1000.0
PROTRS	0.0	0.0	1000.0
SERTRS	0.0	0.0	1000.0
THRTRS	0.0	0.0	1000.0
TRPTRS	0.0	0.0	1000.0
VALTRS	0.0	0.0	1000.0
ALDH	0.0	0.0	1000.0
MMHL	-1000.0	0.0	1000.0
CITCIb	-1000.0	0.0	1000.0
GLNTRAT	0.0	0.0	1000.0
HDCDH	-1000.0	0.0	1000.0
SHCHD2	0.0	0.0	1000.0
IPPMIb	-1000.0	0.006657203302433495	1000.0
IPPMIa	-1000.0	-0.006657203302433495	1000.0
PRATPP	0.0	0.0011078703256052116	1000.0
PRAMPC	0.0	0.0011078703256052116	1000.0
IMACTD	0.0	0.0	1000.0
GLUTRR	0.0	0.0	1000.0
AMUAAH	0.0	0.0	1000.0
ECH_3hivcoa	-1000.0	0.0	1000.0
PPRGL	0.0	0.002734656989360871	1000.0
NNDMBRT	0.0	0.0	1000.0
ECOAH5	-1000.0	0.0	1000.0
PSAT	-1000.0	-0.015359598573958471	1000.0
DHDRPy	-1000.0	-0.008197147633803905	1000.0
ECOAH9ir	-1000.0	0.0	1000.0
PRAIS	0.0	0.002734656989360871	1000.0
ASNTRAT	0.0	0.0	1000.0
ACGNMCT	0.0	0.0	1000.0
PPNCL3	0.0	0.0	1000.0
PPNCL2	0.0	0.0	1000.0
PTHPS	0.0	0.0	1000.0
QULNS	0.0	0.0014069303102328694	1000.0
GARFT	0.0	0.0	1000.0
FGFTh	0.0	0.002734656989360871	1000.0
KAS14	0.0	-1.548246952030513e-19	1000.0
ADPT2	-1000.0	0.0	1000.0
APCPT	0.0	0.0	1000.0
R04399	-1000.0	0.0	1000.0
MTRI	-1000.0	0.0	1000.0
IPMD	-1000.0	0.006657203302433496	1000.0
3HAD40_1	-1000.0	-1.548246952030513e-19	1000.0
EAR40x	-1000.0	9.694823589088367e-32	1000.0
ACNAM9PL	0.0	0.0	1000.0
KARI_23dhmb	-1000.0	0.0	1000.0
DLDLBT	0.0	0.0	1000.0
PRFGS	0.0	0.0027346569893599154	1000.0
ADAPAT	0.0	0.0	1000.0
SDPTA	-1000.0	0.0	1000.0
3OAR40	-1000.0	1.548246952030513e-19	1000.0
3OAR100	-1000.0	1.5482469520305133e-19	1000.0
3HAD100	-1000.0	-1.548246952030514e-19	1000.0
3OAR80	-1000.0	1.5482469520305136e-19	1000.0
3HAD80	-1000.0	-1.5482469520305136e-19	1000.0
3OAR160	-1000.0	0.0	1000.0
3HAD160	-1000.0	0.0	1000.0
IG3PS	0.0	0.0011078703256052118	1000.0
ADSL2r	-1000.0	0.0027346569893608704	1000.0
AICART	-1000.0	0.0038425273149660815	1000.0
3OAR140	-1000.0	0.0	1000.0
3HAD140	-1000.0	0.0	1000.0
UGLDDS2	0.0	0.0	1000.0
PRASCSi	0.0	0.002734656989360871	1000.0
RZ5PP	0.0	0.0	1000.0
UGMDDS	0.0	0.0019504670532949555	1000.0
AHDTPHL	0.0	0.0	1000.0
PRMICI	0.0	0.0011078703256052116	1000.0
ACAS_2ahbut	0.0	0.006507952443044792	1000.0
EAR120x	-1000.0	0.0	1000.0
3OAS140	0.0	0.0	1000.0
ECOAH7	-1000.0	0.0	1000.0
ECOAH6	-1000.0	0.0	1000.0
ECOAH4	-1000.0	0.0	1000.0
ECOAH3	-1000.0	0.0	1000.0
ECOAH2	-1000.0	0.0	1000.0
KLCGH	-1000.0	0.0	1000.0
AHSERL4	0.0	0.0	1000.0
34DHOXPEGOX	-1000.0	0.0	1000.0
HIALOR	-1000.0	0.0	1000.0
CGGH	0.0	0.0	1000.0
3OAS60	0.0	-1.5482469520305133e-19	1000.0
3OAR60	-1000.0	1.5482469520305133e-19	1000.0
3HAD60	-1000.0	-1.5482469520305136e-19	1000.0
EAR60x	-1000.0	2.0161269071440892e-31	1000.0
3OAS80	0.0	-1.5482469520305138e-19	1000.0
EAR80x	-1000.0	2.7638296654513686e-32	1000.0
3OAS100	0.0	0.0	1000.0
EAR100x	-1000.0	1.4068759567823101e-31	1000.0
3OAS120	0.0	0.0	1000.0
3OAR120	-1000.0	0.0	1000.0
3HAD120	-1000.0	0.0	1000.0
EAR140x	-1000.0	0.0	1000.0
3OAS160	0.0	0.0	1000.0
HACPMCACT	-1000.0	0.0	1000.0
BDG2HCGHD	-1000.0	0.0	1000.0
UAGPT3	0.0	0.0019504670532949553	1000.0
FANTPDH	0.0	0.0	1000.0
APNTPM	-1000.0	0.0	1000.0
NABTNO	-1000.0	0.0	1000.0
EHGLAT	-1000.0	0.0	1000.0
KARI_23dhmp	-1000.0	-0.006507952443044791	1000.0
KARI	-1000.0	0.006507952443044792	1000.0
KARI_3hmoa	-1000.0	0.0	1000.0
PP2MO	-1000.0	0.0	1000.0
OHPBAT	-1000.0	0.0	1000.0
4HTHRS	0.0	0.0	1000.0
NO2OR	0.0	0.0	1000.0
CYRDAAT	0.0	0.0	1000.0
ADOCBIK	0.0	0.0	1000.0
ACBIPGT	-1000.0	0.0	1000.0
ADOCBLS	0.0	0.0	1000.0
G1PACT	0.0	0.0062710894804422	1000.0
SMLSHL	-1000.0	0.0	1000.0
ASPTRS	0.0	0.0	1000.0
GLUTRS	0.0	0.0	1000.0
ECOAH2c2	-1000.0	0.0	1000.0
R05602	-1000.0	0.0	1000.0
DHNAOT4	0.0	0.0	1000.0
UPPPHL	0.0	0.0019504670532949553	1000.0
UDCP	0.0	0.0	1000.0
UDCPT	0.0	0.0019504670532949555	1000.0
CMS	0.0	0.0	1000.0
CDPMEK	0.0	0.0	1000.0
DXPS	0.0	0.0	1000.0
MCS	0.0	0.0	1000.0
UAGPT2	0.0	0.0	1000.0
HTHRPDH	-1000.0	0.0	1000.0
DXRI	0.0	0.0	1000.0
IPDOR	0.0	0.0	1000.0
LACZ	0.0	0.0	1000.0
PYLALDOX	-1000.0	0.0	1000.0
PAACOAL	0.0	0.0	1000.0
HICHCOAL	-1000.0	0.0	1000.0
IPOCOAL	0.0	0.0	1000.0
CMIPDCOAL	0.0	0.0	1000.0
TMIPDCOAL	0.0	0.0	1000.0
UDCPDPS	0.0	0.0	1000.0
TDPGDH	0.0	0.0	1000.0
TDPDRE	0.0	0.0	1000.0
IPOHCOAL	0.0	0.0	1000.0
ADCPS2	0.0	0.0	1000.0
ADOCBIK2	0.0	0.0	1000.0
SALMCCOAMT	-1000.0	0.0	1000.0
EGMEST	0.0	0.0	1000.0
PECGONCOAT	0.0	0.0	1000.0
QUOR	0.0	0.0	1000.0
SHOR	0.0	0.014501323657032095	1000.0
BHPR	-1000.0	0.0	1000.0
UAGDH	-1000.0	0.0	1000.0
CPPPGO2	0.0	0.0	1000.0
NHMSCOAH	-1000.0	0.0	1000.0
HMBPAL	0.0	0.0	1000.0
HMNOR	-1000.0	0.0	1000.0
HCBPHAL	0.0	0.0	1000.0
NMOR	-1000.0	0.0	1000.0
HOMBPAL	0.0	0.0	1000.0
HADCPCOAHL	-1000.0	0.0	1000.0
ADPCOAL	0.0	0.0	1000.0
OBTFL	0.0	0.0	1000.0
VOR2b	0.0	0.0	1000.0
MTHFO	0.0	0.0019277001906068396	1000.0
IDS2	0.0	0.0	1000.0
CBIAT	0.0	0.0	1000.0
DB4PS	0.0	0.0	1000.0
ADCPS1	0.0	0.0	1000.0
CLS	0.0	0.0	1000.0
CITMS	0.0	0.0	1000.0
AIRC3	0.0	0.0	1000.0
THISAT	0.0	0.0	1000.0
CYSDES	0.0	0.0	1000.0
LDAPAT	-1000.0	-0.008197147633803905	1000.0
UDPKAAT	0.0	0.0	1000.0
RE0581R	0.0	0.0	1000.0
FASOXST	0.0	0.0	1000.0
3OAR18B	-1000.0	0.0	1000.0
3HAD180	-1000.0	0.0	1000.0
FASOD	-1000.0	0.0	1000.0
CPCOAL	0.0	0.0	1000.0
GGT	-1000.0	0.0	1000.0
MHECOAHL	-1000.0	0.0	1000.0
IPDPS	0.0	0.0	1000.0
DMPPS	0.0	0.0	1000.0
SERTRS2	0.0	0.0	1000.0
5FLURAPRT2	0.0	0.0	1000.0
6TINS5MPOR	0.0	0.0	1000.0
6TXAN5MPAML	0.0	0.0	1000.0
RPYS	-1000.0	0.0	1000.0
APCS	0.0	0.0	1000.0
VOR1b	0.0	0.0	1000.0
VOR3b	0.0	0.0	1000.0
GLYCK2	0.0	0.0	1000.0
PGMT	-1000.0	2.914599033890227	1000.0
HMBDPO	0.0	0.0	1000.0
CDGUNPD	-1000.0	0.0	1000.0
MCMMT	-1000.0	0.0	1000.0
GLYHMT	-1000.0	0.0	1000.0
HPHBHL	-1000.0	0.0	1000.0
TMAMT	-1000.0	0.0	1000.0
HEPDPS	0.0	0.0	1000.0
OCTDPS	0.0	0.0	1000.0
TRNACCAT	0.0	0.0	1000.0
TRNACTPAT	0.0	0.0	1000.0
TRNACTPAT2	0.0	0.0	1000.0
TRNAATPAT	0.0	0.0	1000.0
BTDD_M	0.0	0.0	1000.0
RNF	-1000.0	17.080088362288627	1000.0
H2ASE_syn	-1000.0	1.8034119178178537e-15	1000.0
BIF	-1000.0	0.0	1000.0
FRNDPR2r	-1000.0	-5.6577690789902935	1000.0
FBA	-1000.0	5.815270456725372	1000.0
MDH	-1000.0	-11.50478901937208	1000.0
PGK2	0.0	0.0	1000.0
TKT1	-1000.0	-2.683372678951972e-16	1000.0
TKT2	-1000.0	0.014501323657032276	1000.0
ATPHs	0.0	0.0	1000.0
FE2OR	0.0	0.0	1000.0
ADMDC	0.0	0.0	1000.0
GLUR	-1000.0	0.0019504670532949557	1000.0
UDPGD	0.0	0.0	1000.0
ORNDC	0.0	0.0	1000.0
PAL	0.0	0.0	1000.0
GMAND	-1000.0	0.0	1000.0
CYSOR	-1000.0	0.0	1000.0
MMSDH	0.0	0.0	1000.0
OMPDC	0.0	0.008525539947963765	1000.0
GLYCDH	0.0	0.0	1000.0
R5PAT	0.0	0.0	1000.0
HISDC	0.0	0.0	1000.0
PPYRDC	0.0	0.0	1000.0
HDHL	0.0	0.0	1000.0
E4PD	0.0	0.0	1000.0
ORPT	-1000.0	-0.008525539947963765	1000.0
F1PGT	0.0	0.0	1000.0
ACGAM6PS	0.0	0.0	1000.0
DGK1	0.0	0.0	1000.0
DTMPK	0.0	0.00033273717038227664	1000.0
PPDOy	-1000.0	0.0	1000.0
PPDHL	0.0	0.0	1000.0
ALDD19xr	0.0	0.0	1000.0
UAAGLS2	0.0	0.0	1000.0
DACPAT	-1000.0	0.0	1000.0
FCLK	0.0	0.0	1000.0
PRAICL	0.0	0.0027346569893608704	1000.0
PERD	0.0	0.0	1000.0
THPAT	0.0	0.0	1000.0
MS	0.0	0.0	1000.0
GLNSP2	0.0	0.0	1000.0
GFUCS	-1000.0	0.0	1000.0
UG6PGT	0.0	0.0	1000.0
UDPGDC	0.0	0.0	1000.0
3OACOAS	0.0	0.0	1000.0
TRNAGLYUDAT	0.0	0.0	1000.0
TRNAALAUDAT	0.0	0.0	1000.0
OMCDC	0.0	0.006657203302433496	1000.0
AACPS3MBUT	-1000.0	2.1843071548083907e-16	1000.0
SKK	0.0	0.014501323657032097	1000.0
G5SADs	-1000.0	0.002712814694621064	1000.0
HSK	0.0	0.003973860408023026	1000.0
GLCS1	0.0	0.0	1000.0
GLCP	0.0	0.0	1000.0
AACPS3MCR	-1000.0	0.0	1000.0
MCACPR	-1000.0	0.0	1000.0
BC13FAS	-1000.0	6.548276723569084e-16	1000.0
BC17FAS	-1000.0	-4.3655178157127207e-16	1000.0
MAGS	-1000.0	0.0	1000.0
DAGS	-1000.0	0.0	1000.0
DAGK	0.0	0.0	1000.0
DAGP	0.0	0.0005905295462250664	1000.0
CDGS	0.0	0.0014747950524467918	1000.0
GDAGS	-1000.0	0.00029932704796328504	1000.0
GDAGS2	-1000.0	0.00012710989049126762	1000.0
PGLP	0.0	0.0003889009364286093	1000.0
PGLS	0.0	4.164195725143475e-05	1000.0
CDGSOT	-1000.0	0.0010771580410703291	1000.0
PHSD	0.0	0.0010771580410703291	1000.0
G3PCT	0.0	0.008813454731704053	1000.0
GLAS	0.0	1.310411242178015e-05	1000.0
GALAS	0.0	1.170634043012361e-05	1000.0
ALLAS	0.0	3.4827818792109144e-05	1000.0
LAS	0.0	2.8130161332087982e-05	1000.0
PDGS	0.0	0.0019504670532949553	1000.0
GLYTAS	0.0	6.915331327471649e-05	1000.0
ATAS	0.0	0.0	1000.0
GLUTAS	0.0	7.989140539811978e-05	1000.0
MTAS	0.0	5.970379220612163e-05	1000.0
ATPM	2.04847996883219	2.04847996883219	1000.0
CEPA5	0.0	0.0	1000.0
CEPA4	0.0	0.0	1000.0
CEPA3	0.0	0.0	1000.0
CEPA2	0.0	0.0	1000.0
NH3tabc	0.0	0.16749136585088545	1000.0
H20t	-1000.0	2.5577300366214555	1000.0
CO2t	-1000.0	-11.42555978316635	1000.0
CEL2abc	0.0	2.92144383597262	1000.0
CEL3abc	0.0	0.0	1000.0
CEL4abc	0.0	0.0	1000.0
CEL5abc	0.0	0.0	1000.0
CEL6abc	0.0	0.0	1000.0
UREAabc	0.0	0.0	1000.0
CA2abc	0.0	9.445153031120866e-05	1000.0
MG2abc	0.0	0.002998883407786846	1000.0
Kabc	0.0	2.015693997388414	1000.0
SULabc	0.0	0.0028270264218258367	1000.0
PIabc	0.0	0.0	1000.0
FE3abc	0.0	0.00010154959120633974	1000.0
H2St1	-1000.0	0.0	1000.0
ALAt2r	-1000.0	0.0	1000.0
ARGt2r	-1000.0	0.0	1000.0
ASNt2r	-1000.0	0.0	1000.0
ASPt2r	-1000.0	0.0	1000.0
CYSt2r	-1000.0	0.0	1000.0
GLUt2r	-1000.0	0.0	1000.0
GLNt2r	-1000.0	0.0	1000.0
GLYt2r	-1000.0	0.0	1000.0
HISt2r	-1000.0	0.0	1000.0
ILEt2r	-1000.0	0.0	1000.0
LEUt2r	-1000.0	0.0	1000.0
LYSt2r	-1000.0	0.0	1000.0
METt2r	-1000.0	0.0	1000.0
PHEt2r	-1000.0	-0.007230046128486732	1000.0
PROt2r	-1000.0	0.0	1000.0
SERt2r	-1000.0	0.0	1000.0
THRt2r	-1000.0	0.0	1000.0
TRYt2r	-1000.0	0.0	1000.0
TYRt2r	-1000.0	0.0	1000.0
VALt2r	-1000.0	0.0	1000.0
ACt2r	-1000.0	0.0	1000.0
FORt2	-1000.0	-0.04083147805194268	1000.0
D_LACt2	-1000.0	0.0	1000.0
H2td	-1000.0	0.0	1000.0
PYRt2	-1000.0	0.0	1000.0
SUCCt2r	-1000.0	0.0	1000.0
MAL_Dt2	-1000.0	0.0	1000.0
BTDt_M	-1000.0	0.0	1000.0
BTDt_RR	-1000.0	0.0	1000.0
PYRGt	-1000.0	0.0	1000.0
IBUTOHt	-1000.0	0.0	1000.0
FUMt2r	-1000.0	0.0	1000.0
XYLTt	-1000.0	0.0	1000.0
PPAna	0.0	0.0	1000.0
RBFSb	0.0	0.0	1000.0
PPAKr	-1000.0	0.0	1000.0
MMCD	0.0	0.0	1000.0
ICOR	0.0	0.0	1000.0
PGI	-1000.0	5.836042869862847	1000.0
DHAD2	0.0	0.00650795244304479	1000.0
FBA3	-1000.0	9.084113790787588e-16	1000.0
PFK3_ppi	0.0	0.0	1000.0
IBUTCOARx	0.0	0.0	1000.0
ALCD23xi	0.0	0.0	1000.0
IBUTCOARy	0.0	0.0	1000.0
ALCD23yi	0.0	0.0	1000.0
NA1abc	0.0	0.0	1000.0
Kt3	0.0	1.994877750803293	1000.0
PIt	0.0	0.0	1000.0
PIt2	0.0	0.016384935980963092	1000.0
PNTOt2r	-1000.0	3.455013384227417	1000.0
PNTOt2r2	-1000.0	-3.455013384227417	1000.0
ETOHt	-1000.0	11.43525580465915	1000.0
DPR	0.0	0.0	1000.0
PROCOARx	0.0	0.0	1000.0
ALCD3x	0.0	0.0	1000.0
PROCOARx2	0.0	0.0	1000.0
ALCD23xi2	0.0	0.0	1000.0
EX_ppoh_e	0.0	0.0	0.0
3MOPDC	0.0	0.0	1000.0
ALCD22xi	0.0	0.0	1000.0
ALCD22xi2	0.0	0.0	1000.0
EX_2mbtoh_e	0.0	0.0	0.0
4MOPDC	0.0	0.0	1000.0
ALCD3MBOH	0.0	0.0	1000.0
EX_3mboh_e	0.0	0.0	0.0
ADCL	0.0	-6.308957606499741e-16	1000.0
GTPCI	0.0	-6.308957606499741e-16	1000.0
AKP1	0.0	-6.308957606499741e-16	1000.0
GCALDD	0.0	-6.308957606499741e-16	1000.0
DM_thf_c	0.0	0.0	1000.0
ASPO2	0.0	0.0014069303102328694	1000.0
ASPO2y	0.0	0.0	1000.0
FUCabc	0.0	0.0	1000.0
GLCabc	0.0	0.0	1000.0
SBTabc	0.0	0.0	1000.0
FRUabc	0.0	0.0	1000.0
CITt2	-1000.0	0.0	1000.0
HSERTA	-1000.0	0.008435652633651633	1000.0
EX_g1p_e	0.0	0.0	0.0
FRDx_c0	0.0	0.0	1000.0
BIOMASS_CELLULOSE	0.0	0.0	0.0
BIOMASS_CELLOBIOSE	0.02189527275376962	0.02189527275376962	0.02189527275376962
BIOMASS_NO_CELLULOSOME	0.0	0.0	0.0
EX_h_e	-1000.0	0.18184423428279867	1000.0
EX_cpd02701_c0	0.0	0.0	0.0
EX_nh4_e	-1000.0	-0.16749136585088545	1000.0
EX_h2o_e	-1000.0	-2.5577300366214555	1000.0
EX_co2_e	0.0	11.42555978316635	1000.0
EX_cellb_e	-2.92144383597262	-2.92144383597262	-2.92144383597262
EX_cell3_e	0.0	0.0	0.0
EX_cell4_e	0.0	0.0	0.0
EX_cell5_e	0.0	0.0	0.0
EX_cell6_e	0.0	0.0	0.0
EX_urea_e	0.0	0.0	0.0
EX_ca2_e	-1000.0	-9.445153031120866e-05	1000.0
EX_mg2_e	-1000.0	-0.0029988834077868455	1000.0
EX_k_e	-1000.0	-0.020816246585120553	1000.0
EX_so4_e	-1000.0	-0.0028270264218258367	1000.0
EX_pi_e	-1000.0	-0.016384935980963095	1000.0
EX_fe3_e	-1000.0	-0.00010154959120633974	1000.0
EX_h2s_e	0.0	0.0	0.0
EX_ala__L_e	0.0	0.0	0.0
EX_arg__L_e	0.0	0.0	0.0
EX_asn__L_e	0.0	0.0	0.0
EX_asp__L_e	0.0	0.0	0.0
EX_cys__L_e	0.0	0.0	0.0
EX_glu__L_e	0.0	0.0	0.0
EX_gln__L_e	0.0	0.0	0.0
EX_gly_e	0.0	0.0	1000.0
EX_his__L_e	0.0	0.0	0.0
EX_ile__L_e	0.0	0.0	0.0
EX_leu__L_e	0.0	0.0	0.0
EX_lys__L_e	0.0	0.0	0.0
EX_met__L_e	0.0	0.0	0.0
EX_phe__L_e	0.0	0.007230046128486732	1000.0
EX_pro__L_e	0.0	0.0	0.0
EX_ser__L_e	0.0	0.0	0.0
EX_thr__L_e	0.0	0.0	0.0
EX_trp__L_e	0.0	0.0	0.0
EX_tyr__L_e	0.0	0.0	0.0
EX_val__L_e	0.0	0.0	1000.0
EX_ac_e	0.0	0.0	1000.0
EX_for_e	0.0	0.04083147805194268	1000.0
EX_lac__L_e	0.0	0.0	1000.0
EX_h2_e	0.0	0.0	1000.0
EX_pyr_e	0.0	0.0	1000.0
EX_succ_e	0.0	0.0	0.0
EX_mal__L_e	0.0	0.0	0.0
EX_btd_M_e	0.0	0.0	0.0
EX_btd_RR_e	0.0	0.0	0.0
EX_5oxpro_e	0.0	0.0	0.0
EX_ibutoh_e	0.0	0.0	0.0
EX_fum_e	0.0	0.0	0.0
EX_xylt_e	0.0	0.0	0.0
EX_pnto__R_e	0.0	0.0	0.0
EX_etoh_e	0.0	11.43525580465915	1000.0
EX_na1_e	-1000.0	0.0	1000.0
EX_glceq_e	0.0	0.0	0.0
GLCEQ3	0.0	0.0	1000.0
GLCEQ4	0.0	0.0	1000.0
GLCEQ5	0.0	0.0	1000.0
GLCEQ6	0.0	0.0	1000.0
EX_fuc__L_e	0.0	0.0	0.0
EX_glc__D_e	0.0	0.0	0.0
EX_sbt__D_e	0.0	0.0	0.0
EX_fru_e	0.0	0.0	0.0
EX_cit_e	0.0	0.0	0.0


biomass yield base: 0.2243807999999996
biomass yield max: 2.8698873375708795
ethanol yield pFBA: 3.914248038539503
ethanol yield max: 3.914248038539503
ethanol yield min: 0.0
acetate yield pFBA: 0.0
acetate yield max: 3.9184954933113314
acetate yield min: 0.0
formate yield pFBA: 0.01397647202700677
formate yield max: 3.927570891945636
formate yield min: 0.0
lactate yield pFBA: 0.0
lactate yield max: 3.9184954933113287
lactate yield min: 0.0
pyruvate yield pFBA: 0.0
pyruvate yield max: 3.9184954933113345
pyruvate yield min: 0.0
malate yield pFBA: 0.0
malate yield max: 0.0
malate yield min: 0.0
